v2	V(n002)	I(R2)
0.000000000000000e+000	0.000000e+000	-2.344037e-005
1.000000000000000e-002	1.000000e-002	1.441123e-005
2.000000000000000e-002	2.000000e-002	5.721402e-005
3.000000000000000e-002	3.000000e-002	1.046588e-004
4.000000000000000e-002	4.000000e-002	1.563176e-004
5.000000000000000e-002	5.000000e-002	2.117558e-004
6.000000000000001e-002	6.000000e-002	2.705501e-004
7.000000000000001e-002	7.000000e-002	3.323069e-004
8.000000000000000e-002	8.000000e-002	3.966713e-004
9.000000000000000e-002	9.000000e-002	4.633292e-004
9.999999999999999e-002	1.000000e-001	5.320060e-004
1.100000000000000e-001	1.100000e-001	6.024627e-004
1.200000000000000e-001	1.200000e-001	6.744927e-004
1.300000000000000e-001	1.300000e-001	7.479166e-004
1.400000000000000e-001	1.400000e-001	8.225791e-004
1.500000000000000e-001	1.500000e-001	8.983452e-004
1.600000000000000e-001	1.600000e-001	9.750973e-004
1.700000000000000e-001	1.700000e-001	1.052732e-003
1.800000000000000e-001	1.800000e-001	1.131160e-003
1.900000000000000e-001	1.900000e-001	1.210301e-003
2.000000000000000e-001	2.000000e-001	1.290084e-003
2.100000000000001e-001	2.100000e-001	1.370447e-003
2.200000000000001e-001	2.200000e-001	1.451333e-003
2.300000000000001e-001	2.300000e-001	1.532693e-003
2.400000000000001e-001	2.400000e-001	1.614481e-003
2.500000000000001e-001	2.500000e-001	1.696655e-003
2.600000000000001e-001	2.600000e-001	1.779180e-003
2.700000000000001e-001	2.700000e-001	1.862019e-003
2.800000000000001e-001	2.800000e-001	1.945143e-003
2.900000000000001e-001	2.900000e-001	2.028522e-003
3.000000000000001e-001	3.000000e-001	2.112128e-003
3.100000000000001e-001	3.100000e-001	2.195938e-003
3.200000000000001e-001	3.200000e-001	2.279928e-003
3.300000000000001e-001	3.300000e-001	2.364075e-003
3.400000000000001e-001	3.400000e-001	2.448358e-003
3.500000000000001e-001	3.500000e-001	2.532758e-003
3.600000000000002e-001	3.600000e-001	2.617256e-003
3.700000000000002e-001	3.700000e-001	2.701832e-003
3.800000000000002e-001	3.800000e-001	2.786469e-003
3.900000000000002e-001	3.900000e-001	2.871149e-003
4.000000000000002e-001	4.000000e-001	2.955856e-003
4.100000000000002e-001	4.100000e-001	3.040572e-003
4.200000000000002e-001	4.200000e-001	3.125280e-003
4.300000000000002e-001	4.300000e-001	3.209963e-003
4.400000000000002e-001	4.400000e-001	3.294604e-003
4.500000000000002e-001	4.500000e-001	3.379186e-003
4.600000000000002e-001	4.600000e-001	3.463692e-003
4.700000000000003e-001	4.700000e-001	3.548102e-003
4.800000000000003e-001	4.800000e-001	3.632398e-003
4.900000000000003e-001	4.900000e-001	3.716561e-003
5.000000000000002e-001	5.000000e-001	3.800569e-003
5.100000000000002e-001	5.100000e-001	3.884403e-003
5.200000000000002e-001	5.200000e-001	3.968038e-003
5.300000000000003e-001	5.300000e-001	4.051451e-003
5.400000000000003e-001	5.400000e-001	4.134616e-003
5.500000000000003e-001	5.500000e-001	4.217505e-003
5.600000000000003e-001	5.600000e-001	4.300088e-003
5.700000000000003e-001	5.700000e-001	4.382334e-003
5.800000000000003e-001	5.800000e-001	4.464205e-003
5.900000000000003e-001	5.900000e-001	4.545665e-003
6.000000000000003e-001	6.000000e-001	4.626669e-003
6.100000000000003e-001	6.100000e-001	4.707173e-003
6.200000000000003e-001	6.200000e-001	4.787123e-003
6.300000000000003e-001	6.300000e-001	4.866461e-003
6.400000000000004e-001	6.400000e-001	4.945124e-003
6.500000000000004e-001	6.500000e-001	5.023037e-003
6.600000000000004e-001	6.600000e-001	5.100119e-003
6.700000000000004e-001	6.700000e-001	5.176278e-003
6.800000000000004e-001	6.800000e-001	5.251408e-003
6.900000000000004e-001	6.900000e-001	5.325390e-003
7.000000000000004e-001	7.000000e-001	5.398085e-003
7.100000000000004e-001	7.100000e-001	5.469337e-003
7.200000000000004e-001	7.200000e-001	5.538967e-003
7.300000000000004e-001	7.300000e-001	5.606766e-003
7.400000000000004e-001	7.400000e-001	5.672501e-003
7.500000000000004e-001	7.500000e-001	5.735901e-003
7.600000000000005e-001	7.600000e-001	5.796662e-003
7.700000000000005e-001	7.700000e-001	5.854445e-003
7.800000000000005e-001	7.800000e-001	5.908881e-003
7.900000000000005e-001	7.900000e-001	5.959581e-003
8.000000000000005e-001	8.000000e-001	6.006155e-003
8.100000000000005e-001	8.100000e-001	6.048243e-003
8.200000000000005e-001	8.200000e-001	6.085562e-003
8.300000000000005e-001	8.300000e-001	6.117948e-003
8.400000000000005e-001	8.400000e-001	6.145411e-003
8.500000000000005e-001	8.500000e-001	6.168152e-003
8.600000000000005e-001	8.600000e-001	6.186557e-003
8.700000000000006e-001	8.700000e-001	6.201156e-003
8.800000000000006e-001	8.800000e-001	6.212553e-003
8.900000000000006e-001	8.900000e-001	6.221356e-003
9.000000000000006e-001	9.000000e-001	6.228128e-003
9.100000000000006e-001	9.100000e-001	6.233348e-003
9.200000000000006e-001	9.200000e-001	6.237408e-003
9.300000000000006e-001	9.300000e-001	6.240616e-003
9.400000000000006e-001	9.400000e-001	6.243201e-003
9.500000000000006e-001	9.500000e-001	6.245339e-003
9.600000000000006e-001	9.600000e-001	6.247154e-003
9.700000000000006e-001	9.700000e-001	6.248740e-003
9.800000000000007e-001	9.800000e-001	6.250160e-003
9.900000000000007e-001	9.900000e-001	6.251463e-003
1.000000000000001e+000	1.000000e+000	6.252683e-003
1.010000000000001e+000	1.010000e+000	6.253842e-003
1.020000000000001e+000	1.020000e+000	6.254960e-003
1.030000000000001e+000	1.030000e+000	6.256046e-003
1.040000000000001e+000	1.040000e+000	6.257112e-003
1.050000000000001e+000	1.050000e+000	6.258161e-003
1.060000000000001e+000	1.060000e+000	6.259200e-003
1.070000000000001e+000	1.070000e+000	6.260230e-003
1.080000000000001e+000	1.080000e+000	6.261255e-003
1.090000000000001e+000	1.090000e+000	6.262275e-003
1.100000000000001e+000	1.100000e+000	6.263293e-003
1.110000000000001e+000	1.110000e+000	6.264309e-003
1.120000000000001e+000	1.120000e+000	6.265323e-003
1.130000000000001e+000	1.130000e+000	6.266336e-003
1.140000000000001e+000	1.140000e+000	6.267348e-003
1.150000000000001e+000	1.150000e+000	6.268360e-003
1.160000000000001e+000	1.160000e+000	6.269371e-003
1.170000000000001e+000	1.170000e+000	6.270382e-003
1.180000000000001e+000	1.180000e+000	6.271392e-003
1.190000000000001e+000	1.190000e+000	6.272403e-003
1.200000000000001e+000	1.200000e+000	6.273413e-003
1.210000000000001e+000	1.210000e+000	6.274424e-003
1.220000000000001e+000	1.220000e+000	6.275434e-003
1.230000000000001e+000	1.230000e+000	6.276444e-003
1.240000000000001e+000	1.240000e+000	6.277454e-003
1.250000000000001e+000	1.250000e+000	6.278464e-003
1.260000000000001e+000	1.260000e+000	6.279474e-003
1.270000000000001e+000	1.270000e+000	6.280484e-003
1.280000000000001e+000	1.280000e+000	6.281495e-003
1.290000000000001e+000	1.290000e+000	6.282505e-003
1.300000000000001e+000	1.300000e+000	6.283515e-003
1.310000000000001e+000	1.310000e+000	6.284525e-003
1.320000000000001e+000	1.320000e+000	6.285535e-003
1.330000000000001e+000	1.330000e+000	6.286545e-003
1.340000000000001e+000	1.340000e+000	6.287555e-003
1.350000000000001e+000	1.350000e+000	6.288565e-003
1.360000000000001e+000	1.360000e+000	6.289575e-003
1.370000000000001e+000	1.370000e+000	6.290585e-003
1.380000000000001e+000	1.380000e+000	6.291595e-003
1.390000000000001e+000	1.390000e+000	6.292605e-003
1.400000000000001e+000	1.400000e+000	6.293615e-003
1.410000000000001e+000	1.410000e+000	6.294625e-003
1.420000000000001e+000	1.420000e+000	6.295635e-003
1.430000000000001e+000	1.430000e+000	6.296645e-003
1.440000000000001e+000	1.440000e+000	6.297655e-003
1.450000000000001e+000	1.450000e+000	6.298665e-003
1.460000000000001e+000	1.460000e+000	6.299675e-003
1.470000000000001e+000	1.470000e+000	6.300686e-003
1.480000000000001e+000	1.480000e+000	6.301696e-003
1.490000000000001e+000	1.490000e+000	6.302706e-003
1.500000000000001e+000	1.500000e+000	6.303716e-003
1.510000000000001e+000	1.510000e+000	6.304726e-003
1.520000000000001e+000	1.520000e+000	6.305736e-003
1.530000000000001e+000	1.530000e+000	6.306746e-003
1.540000000000001e+000	1.540000e+000	6.307756e-003
1.550000000000001e+000	1.550000e+000	6.308766e-003
1.560000000000001e+000	1.560000e+000	6.309776e-003
1.570000000000001e+000	1.570000e+000	6.310786e-003
1.580000000000001e+000	1.580000e+000	6.311796e-003
1.590000000000001e+000	1.590000e+000	6.312807e-003
1.600000000000001e+000	1.600000e+000	6.313817e-003
1.610000000000001e+000	1.610000e+000	6.314827e-003
1.620000000000001e+000	1.620000e+000	6.315837e-003
1.630000000000001e+000	1.630000e+000	6.316847e-003
1.640000000000001e+000	1.640000e+000	6.317857e-003
1.650000000000001e+000	1.650000e+000	6.318867e-003
1.660000000000001e+000	1.660000e+000	6.319877e-003
1.670000000000001e+000	1.670000e+000	6.320887e-003
1.680000000000001e+000	1.680000e+000	6.321897e-003
1.690000000000001e+000	1.690000e+000	6.322907e-003
1.700000000000001e+000	1.700000e+000	6.323917e-003
1.710000000000001e+000	1.710000e+000	6.324927e-003
1.720000000000001e+000	1.720000e+000	6.325937e-003
1.730000000000001e+000	1.730000e+000	6.326947e-003
1.740000000000001e+000	1.740000e+000	6.327957e-003
1.750000000000001e+000	1.750000e+000	6.328967e-003
1.760000000000001e+000	1.760000e+000	6.329977e-003
1.770000000000001e+000	1.770000e+000	6.330987e-003
1.780000000000001e+000	1.780000e+000	6.331997e-003
1.790000000000001e+000	1.790000e+000	6.333007e-003
1.800000000000001e+000	1.800000e+000	6.334017e-003
1.810000000000001e+000	1.810000e+000	6.335028e-003
1.820000000000001e+000	1.820000e+000	6.336038e-003
1.830000000000001e+000	1.830000e+000	6.337048e-003
1.840000000000001e+000	1.840000e+000	6.338058e-003
1.850000000000001e+000	1.850000e+000	6.339068e-003
1.860000000000001e+000	1.860000e+000	6.340078e-003
1.870000000000001e+000	1.870000e+000	6.341088e-003
1.880000000000001e+000	1.880000e+000	6.342098e-003
1.890000000000002e+000	1.890000e+000	6.343108e-003
1.900000000000002e+000	1.900000e+000	6.344118e-003
1.910000000000002e+000	1.910000e+000	6.345128e-003
1.920000000000002e+000	1.920000e+000	6.346138e-003
1.930000000000002e+000	1.930000e+000	6.347148e-003
1.940000000000002e+000	1.940000e+000	6.348158e-003
1.950000000000002e+000	1.950000e+000	6.349168e-003
1.960000000000002e+000	1.960000e+000	6.350178e-003
1.970000000000002e+000	1.970000e+000	6.351188e-003
1.980000000000002e+000	1.980000e+000	6.352198e-003
1.990000000000002e+000	1.990000e+000	6.353208e-003
2.000000000000001e+000	2.000000e+000	6.354218e-003
2.010000000000001e+000	2.010000e+000	6.355228e-003
2.020000000000001e+000	2.020000e+000	6.356238e-003
2.030000000000001e+000	2.030000e+000	6.357248e-003
2.040000000000001e+000	2.040000e+000	6.358258e-003
2.050000000000000e+000	2.050000e+000	6.359268e-003
2.060000000000000e+000	2.060000e+000	6.360278e-003
2.070000000000000e+000	2.070000e+000	6.361288e-003
2.080000000000000e+000	2.080000e+000	6.362299e-003
2.089999999999999e+000	2.090000e+000	6.363309e-003
2.099999999999999e+000	2.100000e+000	6.364319e-003
2.109999999999999e+000	2.110000e+000	6.365329e-003
2.119999999999999e+000	2.120000e+000	6.366339e-003
2.129999999999999e+000	2.130000e+000	6.367349e-003
2.139999999999998e+000	2.140000e+000	6.368359e-003
2.149999999999998e+000	2.150000e+000	6.369369e-003
2.159999999999998e+000	2.160000e+000	6.370379e-003
2.169999999999998e+000	2.170000e+000	6.371389e-003
2.179999999999998e+000	2.180000e+000	6.372399e-003
2.189999999999997e+000	2.190000e+000	6.373409e-003
2.199999999999997e+000	2.200000e+000	6.374419e-003
2.209999999999997e+000	2.210000e+000	6.375429e-003
2.219999999999997e+000	2.220000e+000	6.376439e-003
2.229999999999996e+000	2.230000e+000	6.377449e-003
2.239999999999996e+000	2.240000e+000	6.378459e-003
2.249999999999996e+000	2.250000e+000	6.379469e-003
2.259999999999996e+000	2.260000e+000	6.380479e-003
2.269999999999996e+000	2.270000e+000	6.381489e-003
2.279999999999995e+000	2.280000e+000	6.382499e-003
2.289999999999995e+000	2.290000e+000	6.383509e-003
2.299999999999995e+000	2.300000e+000	6.384519e-003
2.309999999999995e+000	2.310000e+000	6.385529e-003
2.319999999999995e+000	2.320000e+000	6.386539e-003
2.329999999999994e+000	2.330000e+000	6.387549e-003
2.339999999999994e+000	2.340000e+000	6.388559e-003
2.349999999999994e+000	2.350000e+000	6.389569e-003
2.359999999999994e+000	2.360000e+000	6.390580e-003
2.369999999999993e+000	2.370000e+000	6.391590e-003
2.379999999999993e+000	2.380000e+000	6.392600e-003
2.389999999999993e+000	2.390000e+000	6.393610e-003
2.399999999999993e+000	2.400000e+000	6.394620e-003
2.409999999999993e+000	2.410000e+000	6.395630e-003
2.419999999999992e+000	2.420000e+000	6.396640e-003
2.429999999999992e+000	2.430000e+000	6.397650e-003
2.439999999999992e+000	2.440000e+000	6.398660e-003
2.449999999999992e+000	2.450000e+000	6.399670e-003
2.459999999999992e+000	2.460000e+000	6.400680e-003
2.469999999999991e+000	2.470000e+000	6.401690e-003
2.479999999999991e+000	2.480000e+000	6.402700e-003
2.489999999999991e+000	2.490000e+000	6.403710e-003
2.499999999999991e+000	2.500000e+000	6.404720e-003
2.509999999999991e+000	2.510000e+000	6.405730e-003
2.519999999999990e+000	2.520000e+000	6.406740e-003
2.529999999999990e+000	2.530000e+000	6.407750e-003
2.539999999999990e+000	2.540000e+000	6.408760e-003
2.549999999999990e+000	2.550000e+000	6.409770e-003
2.559999999999989e+000	2.560000e+000	6.410780e-003
2.569999999999989e+000	2.570000e+000	6.411790e-003
2.579999999999989e+000	2.580000e+000	6.412800e-003
2.589999999999989e+000	2.590000e+000	6.413810e-003
2.599999999999989e+000	2.600000e+000	6.414820e-003
2.609999999999988e+000	2.610000e+000	6.415830e-003
2.619999999999988e+000	2.620000e+000	6.416840e-003
2.629999999999988e+000	2.630000e+000	6.417850e-003
2.639999999999988e+000	2.640000e+000	6.418860e-003
2.649999999999988e+000	2.650000e+000	6.419870e-003
2.659999999999987e+000	2.660000e+000	6.420880e-003
2.669999999999987e+000	2.670000e+000	6.421890e-003
2.679999999999987e+000	2.680000e+000	6.422900e-003
2.689999999999987e+000	2.690000e+000	6.423910e-003
2.699999999999986e+000	2.700000e+000	6.424920e-003
2.709999999999986e+000	2.710000e+000	6.425930e-003
2.719999999999986e+000	2.720000e+000	6.426940e-003
2.729999999999986e+000	2.730000e+000	6.427950e-003
2.739999999999986e+000	2.740000e+000	6.428960e-003
2.749999999999985e+000	2.750000e+000	6.429970e-003
2.759999999999985e+000	2.760000e+000	6.430980e-003
2.769999999999985e+000	2.770000e+000	6.431990e-003
2.779999999999985e+000	2.780000e+000	6.433000e-003
2.789999999999985e+000	2.790000e+000	6.434010e-003
2.799999999999984e+000	2.800000e+000	6.435020e-003
2.809999999999984e+000	2.810000e+000	6.436030e-003
2.819999999999984e+000	2.820000e+000	6.437040e-003
2.829999999999984e+000	2.830000e+000	6.438050e-003
2.839999999999983e+000	2.840000e+000	6.439060e-003
2.849999999999983e+000	2.850000e+000	6.440070e-003
2.859999999999983e+000	2.860000e+000	6.441080e-003
2.869999999999983e+000	2.870000e+000	6.442090e-003
2.879999999999983e+000	2.880000e+000	6.443101e-003
2.889999999999982e+000	2.890000e+000	6.444111e-003
2.899999999999982e+000	2.900000e+000	6.445121e-003
2.909999999999982e+000	2.910000e+000	6.446131e-003
2.919999999999982e+000	2.920000e+000	6.447141e-003
2.929999999999982e+000	2.930000e+000	6.448151e-003
2.939999999999981e+000	2.940000e+000	6.449161e-003
2.949999999999981e+000	2.950000e+000	6.450170e-003
2.959999999999981e+000	2.960000e+000	6.451180e-003
2.969999999999981e+000	2.970000e+000	6.452190e-003
2.979999999999980e+000	2.980000e+000	6.453200e-003
2.989999999999980e+000	2.990000e+000	6.454210e-003
2.999999999999980e+000	3.000000e+000	6.455220e-003
3.009999999999980e+000	3.010000e+000	6.456230e-003
3.019999999999980e+000	3.020000e+000	6.457240e-003
3.029999999999979e+000	3.030000e+000	6.458250e-003
3.039999999999979e+000	3.040000e+000	6.459260e-003
3.049999999999979e+000	3.050000e+000	6.460270e-003
3.059999999999979e+000	3.060000e+000	6.461280e-003
3.069999999999979e+000	3.070000e+000	6.462290e-003
3.079999999999978e+000	3.080000e+000	6.463300e-003
3.089999999999978e+000	3.090000e+000	6.464310e-003
3.099999999999978e+000	3.100000e+000	6.465320e-003
3.109999999999978e+000	3.110000e+000	6.466330e-003
3.119999999999978e+000	3.120000e+000	6.467341e-003
3.129999999999977e+000	3.130000e+000	6.468351e-003
3.139999999999977e+000	3.140000e+000	6.469361e-003
3.149999999999977e+000	3.150000e+000	6.470371e-003
3.159999999999977e+000	3.160000e+000	6.471381e-003
3.169999999999976e+000	3.170000e+000	6.472391e-003
3.179999999999976e+000	3.180000e+000	6.473400e-003
3.189999999999976e+000	3.190000e+000	6.474410e-003
3.199999999999976e+000	3.200000e+000	6.475420e-003
3.209999999999976e+000	3.210000e+000	6.476430e-003
3.219999999999975e+000	3.220000e+000	6.477440e-003
3.229999999999975e+000	3.230000e+000	6.478450e-003
3.239999999999975e+000	3.240000e+000	6.479460e-003
3.249999999999975e+000	3.250000e+000	6.480470e-003
3.259999999999975e+000	3.260000e+000	6.481480e-003
3.269999999999974e+000	3.270000e+000	6.482490e-003
3.279999999999974e+000	3.280000e+000	6.483500e-003
3.289999999999974e+000	3.290000e+000	6.484510e-003
3.299999999999974e+000	3.300000e+000	6.485520e-003
3.309999999999973e+000	3.310000e+000	6.486530e-003
3.319999999999973e+000	3.320000e+000	6.487540e-003
3.329999999999973e+000	3.330000e+000	6.488550e-003
3.339999999999973e+000	3.340000e+000	6.489560e-003
3.349999999999973e+000	3.350000e+000	6.490570e-003
3.359999999999972e+000	3.360000e+000	6.491580e-003
3.369999999999972e+000	3.370000e+000	6.492590e-003
3.379999999999972e+000	3.380000e+000	6.493600e-003
3.389999999999972e+000	3.390000e+000	6.494610e-003
3.399999999999972e+000	3.400000e+000	6.495620e-003
3.409999999999971e+000	3.410000e+000	6.496630e-003
3.419999999999971e+000	3.420000e+000	6.497640e-003
3.429999999999971e+000	3.430000e+000	6.498650e-003
3.439999999999971e+000	3.440000e+000	6.499660e-003
3.449999999999970e+000	3.450000e+000	6.500670e-003
3.459999999999970e+000	3.460000e+000	6.501680e-003
3.469999999999970e+000	3.470000e+000	6.502690e-003
3.479999999999970e+000	3.480000e+000	6.503700e-003
3.489999999999970e+000	3.490000e+000	6.504710e-003
3.499999999999969e+000	3.500000e+000	6.505720e-003
3.509999999999969e+000	3.510000e+000	6.506730e-003
3.519999999999969e+000	3.520000e+000	6.507740e-003
3.529999999999969e+000	3.530000e+000	6.508750e-003
3.539999999999969e+000	3.540000e+000	6.509760e-003
3.549999999999968e+000	3.550000e+000	6.510770e-003
3.559999999999968e+000	3.560000e+000	6.511780e-003
3.569999999999968e+000	3.570000e+000	6.512790e-003
3.579999999999968e+000	3.580000e+000	6.513800e-003
3.589999999999967e+000	3.590000e+000	6.514810e-003
3.599999999999967e+000	3.600000e+000	6.515820e-003
3.609999999999967e+000	3.610000e+000	6.516830e-003
3.619999999999967e+000	3.620000e+000	6.517840e-003
3.629999999999967e+000	3.630000e+000	6.518850e-003
3.639999999999966e+000	3.640000e+000	6.519860e-003
3.649999999999966e+000	3.650000e+000	6.520870e-003
3.659999999999966e+000	3.660000e+000	6.521880e-003
3.669999999999966e+000	3.670000e+000	6.522890e-003
3.679999999999966e+000	3.680000e+000	6.523900e-003
3.689999999999965e+000	3.690000e+000	6.524910e-003
3.699999999999965e+000	3.700000e+000	6.525920e-003
3.709999999999965e+000	3.710000e+000	6.526929e-003
3.719999999999965e+000	3.720000e+000	6.527939e-003
3.729999999999965e+000	3.730000e+000	6.528949e-003
3.739999999999964e+000	3.740000e+000	6.529959e-003
3.749999999999964e+000	3.750000e+000	6.530969e-003
3.759999999999964e+000	3.760000e+000	6.531979e-003
3.769999999999964e+000	3.770000e+000	6.532989e-003
3.779999999999963e+000	3.780000e+000	6.533999e-003
3.789999999999963e+000	3.790000e+000	6.535009e-003
3.799999999999963e+000	3.800000e+000	6.536019e-003
3.809999999999963e+000	3.810000e+000	6.537029e-003
3.819999999999963e+000	3.820000e+000	6.538039e-003
3.829999999999962e+000	3.830000e+000	6.539049e-003
3.839999999999962e+000	3.840000e+000	6.540059e-003
3.849999999999962e+000	3.850000e+000	6.541069e-003
3.859999999999962e+000	3.860000e+000	6.542079e-003
3.869999999999962e+000	3.870000e+000	6.543089e-003
3.879999999999961e+000	3.880000e+000	6.544099e-003
3.889999999999961e+000	3.890000e+000	6.545109e-003
3.899999999999961e+000	3.900000e+000	6.546119e-003
3.909999999999961e+000	3.910000e+000	6.547129e-003
3.919999999999960e+000	3.920000e+000	6.548139e-003
3.929999999999960e+000	3.930000e+000	6.549149e-003
3.939999999999960e+000	3.940000e+000	6.550159e-003
3.949999999999960e+000	3.950000e+000	6.551169e-003
3.959999999999960e+000	3.960000e+000	6.552179e-003
3.969999999999959e+000	3.970000e+000	6.553189e-003
3.979999999999959e+000	3.980000e+000	6.554198e-003
3.989999999999959e+000	3.990000e+000	6.555208e-003
3.999999999999959e+000	4.000000e+000	6.556218e-003
4.009999999999959e+000	4.010000e+000	6.557229e-003
4.019999999999959e+000	4.020000e+000	6.558239e-003
4.029999999999959e+000	4.030000e+000	6.559249e-003
4.039999999999958e+000	4.040000e+000	6.560259e-003
4.049999999999958e+000	4.050000e+000	6.561269e-003
4.059999999999958e+000	4.060000e+000	6.562278e-003
4.069999999999958e+000	4.070000e+000	6.563288e-003
4.079999999999957e+000	4.080000e+000	6.564298e-003
4.089999999999957e+000	4.090000e+000	6.565308e-003
4.099999999999957e+000	4.100000e+000	6.566318e-003
4.109999999999957e+000	4.110000e+000	6.567328e-003
4.119999999999957e+000	4.120000e+000	6.568338e-003
4.129999999999956e+000	4.130000e+000	6.569348e-003
4.139999999999956e+000	4.140000e+000	6.570358e-003
4.149999999999956e+000	4.150000e+000	6.571368e-003
4.159999999999956e+000	4.160000e+000	6.572378e-003
4.169999999999956e+000	4.170000e+000	6.573388e-003
4.179999999999955e+000	4.180000e+000	6.574398e-003
4.189999999999955e+000	4.190000e+000	6.575408e-003
4.199999999999955e+000	4.200000e+000	6.576418e-003
4.209999999999955e+000	4.210000e+000	6.577427e-003
4.219999999999955e+000	4.220000e+000	6.578438e-003
4.229999999999954e+000	4.230000e+000	6.579448e-003
4.239999999999954e+000	4.240000e+000	6.580458e-003
4.249999999999954e+000	4.250000e+000	6.581468e-003
4.259999999999954e+000	4.260000e+000	6.582478e-003
4.269999999999953e+000	4.270000e+000	6.583488e-003
4.279999999999953e+000	4.280000e+000	6.584497e-003
4.289999999999953e+000	4.290000e+000	6.585507e-003
4.299999999999953e+000	4.300000e+000	6.586517e-003
4.309999999999953e+000	4.310000e+000	6.587527e-003
4.319999999999952e+000	4.320000e+000	6.588537e-003
4.329999999999952e+000	4.330000e+000	6.589547e-003
4.339999999999952e+000	4.340000e+000	6.590557e-003
4.349999999999952e+000	4.350000e+000	6.591567e-003
4.359999999999952e+000	4.360000e+000	6.592577e-003
4.369999999999951e+000	4.370000e+000	6.593587e-003
4.379999999999951e+000	4.380000e+000	6.594597e-003
4.389999999999951e+000	4.390000e+000	6.595607e-003
4.399999999999951e+000	4.400000e+000	6.596617e-003
4.409999999999950e+000	4.410000e+000	6.597626e-003
4.419999999999950e+000	4.420000e+000	6.598637e-003
4.429999999999950e+000	4.430000e+000	6.599647e-003
4.439999999999950e+000	4.440000e+000	6.600657e-003
4.449999999999950e+000	4.450000e+000	6.601667e-003
4.459999999999949e+000	4.460000e+000	6.602677e-003
4.469999999999949e+000	4.470000e+000	6.603687e-003
4.479999999999949e+000	4.480000e+000	6.604696e-003
4.489999999999949e+000	4.490000e+000	6.605706e-003
4.499999999999949e+000	4.500000e+000	6.606716e-003
4.509999999999948e+000	4.510000e+000	6.607726e-003
4.519999999999948e+000	4.520000e+000	6.608736e-003
4.529999999999948e+000	4.530000e+000	6.609746e-003
4.539999999999948e+000	4.540000e+000	6.610756e-003
4.549999999999947e+000	4.550000e+000	6.611766e-003
4.559999999999947e+000	4.560000e+000	6.612776e-003
4.569999999999947e+000	4.570000e+000	6.613786e-003
4.579999999999947e+000	4.580000e+000	6.614796e-003
4.589999999999947e+000	4.590000e+000	6.615806e-003
4.599999999999946e+000	4.600000e+000	6.616815e-003
4.609999999999946e+000	4.610000e+000	6.617825e-003
4.619999999999946e+000	4.620000e+000	6.618835e-003
4.629999999999946e+000	4.630000e+000	6.619846e-003
4.639999999999946e+000	4.640000e+000	6.620856e-003
4.649999999999945e+000	4.650000e+000	6.621865e-003
4.659999999999945e+000	4.660000e+000	6.622875e-003
4.669999999999945e+000	4.670000e+000	6.623885e-003
4.679999999999945e+000	4.680000e+000	6.624895e-003
4.689999999999944e+000	4.690000e+000	6.625905e-003
4.699999999999944e+000	4.700000e+000	6.626915e-003
4.709999999999944e+000	4.710000e+000	6.627925e-003
4.719999999999944e+000	4.720000e+000	6.628935e-003
4.729999999999944e+000	4.730000e+000	6.629945e-003
4.739999999999943e+000	4.740000e+000	6.630955e-003
4.749999999999943e+000	4.750000e+000	6.631965e-003
4.759999999999943e+000	4.760000e+000	6.632975e-003
4.769999999999943e+000	4.770000e+000	6.633984e-003
4.779999999999943e+000	4.780000e+000	6.634994e-003
4.789999999999942e+000	4.790000e+000	6.636004e-003
4.799999999999942e+000	4.800000e+000	6.637014e-003
4.809999999999942e+000	4.810000e+000	6.638024e-003
4.819999999999942e+000	4.820000e+000	6.639034e-003
4.829999999999942e+000	4.830000e+000	6.640044e-003
4.839999999999941e+000	4.840000e+000	6.641054e-003
4.849999999999941e+000	4.850000e+000	6.642064e-003
4.859999999999941e+000	4.860000e+000	6.643074e-003
4.869999999999941e+000	4.870000e+000	6.644084e-003
4.879999999999940e+000	4.880000e+000	6.645094e-003
4.889999999999940e+000	4.890000e+000	6.646104e-003
4.899999999999940e+000	4.900000e+000	6.647114e-003
4.909999999999940e+000	4.910000e+000	6.648124e-003
4.919999999999940e+000	4.920000e+000	6.649133e-003
4.929999999999939e+000	4.930000e+000	6.650143e-003
4.939999999999939e+000	4.940000e+000	6.651153e-003
4.949999999999939e+000	4.950000e+000	6.652163e-003
4.959999999999939e+000	4.960000e+000	6.653173e-003
4.969999999999939e+000	4.970000e+000	6.654183e-003
4.979999999999938e+000	4.980000e+000	6.655193e-003
4.989999999999938e+000	4.990000e+000	6.656203e-003
4.999999999999938e+000	5.000000e+000	6.657213e-003
5.009999999999938e+000	5.010000e+000	6.658223e-003
5.019999999999937e+000	5.020000e+000	6.659233e-003
5.029999999999937e+000	5.030000e+000	6.660243e-003
5.039999999999937e+000	5.040000e+000	6.661253e-003
5.049999999999937e+000	5.050000e+000	6.662263e-003
5.059999999999937e+000	5.060000e+000	6.663273e-003
5.069999999999936e+000	5.070000e+000	6.664282e-003
5.079999999999936e+000	5.080000e+000	6.665292e-003
5.089999999999936e+000	5.090000e+000	6.666302e-003
5.099999999999936e+000	5.100000e+000	6.667312e-003
5.109999999999936e+000	5.110000e+000	6.668322e-003
5.119999999999935e+000	5.120000e+000	6.669332e-003
5.129999999999935e+000	5.130000e+000	6.670342e-003
5.139999999999935e+000	5.140000e+000	6.671352e-003
5.149999999999935e+000	5.150000e+000	6.672362e-003
5.159999999999934e+000	5.160000e+000	6.673371e-003
5.169999999999934e+000	5.170000e+000	6.674381e-003
5.179999999999934e+000	5.180000e+000	6.675391e-003
5.189999999999934e+000	5.190000e+000	6.676401e-003
5.199999999999934e+000	5.200000e+000	6.677411e-003
5.209999999999933e+000	5.210000e+000	6.678421e-003
5.219999999999933e+000	5.220000e+000	6.679431e-003
5.229999999999933e+000	5.230000e+000	6.680441e-003
5.239999999999933e+000	5.240000e+000	6.681451e-003
5.249999999999933e+000	5.250000e+000	6.682461e-003
5.259999999999932e+000	5.260000e+000	6.683471e-003
5.269999999999932e+000	5.270000e+000	6.684481e-003
5.279999999999932e+000	5.280000e+000	6.685491e-003
5.289999999999932e+000	5.290000e+000	6.686501e-003
5.299999999999931e+000	5.300000e+000	6.687510e-003
5.309999999999931e+000	5.310000e+000	6.688520e-003
5.319999999999931e+000	5.320000e+000	6.689530e-003
5.329999999999931e+000	5.330000e+000	6.690540e-003
5.339999999999931e+000	5.340000e+000	6.691550e-003
5.349999999999930e+000	5.350000e+000	6.692560e-003
5.359999999999930e+000	5.360000e+000	6.693570e-003
5.369999999999930e+000	5.370000e+000	6.694580e-003
5.379999999999930e+000	5.380000e+000	6.695590e-003
5.389999999999930e+000	5.390000e+000	6.696600e-003
5.399999999999929e+000	5.400000e+000	6.697610e-003
5.409999999999929e+000	5.410000e+000	6.698620e-003
5.419999999999929e+000	5.420000e+000	6.699629e-003
5.429999999999929e+000	5.430000e+000	6.700639e-003
5.439999999999928e+000	5.440000e+000	6.701649e-003
5.449999999999928e+000	5.450000e+000	6.702659e-003
5.459999999999928e+000	5.460000e+000	6.703669e-003
5.469999999999928e+000	5.470000e+000	6.704679e-003
5.479999999999928e+000	5.480000e+000	6.705689e-003
5.489999999999927e+000	5.490000e+000	6.706699e-003
5.499999999999927e+000	5.500000e+000	6.707709e-003
5.509999999999927e+000	5.510000e+000	6.708718e-003
5.519999999999927e+000	5.520000e+000	6.709728e-003
5.529999999999927e+000	5.530000e+000	6.710738e-003
5.539999999999926e+000	5.540000e+000	6.711748e-003
5.549999999999926e+000	5.550000e+000	6.712758e-003
5.559999999999926e+000	5.560000e+000	6.713768e-003
5.569999999999926e+000	5.570000e+000	6.714778e-003
5.579999999999926e+000	5.580000e+000	6.715788e-003
5.589999999999925e+000	5.590000e+000	6.716798e-003
5.599999999999925e+000	5.600000e+000	6.717808e-003
5.609999999999925e+000	5.610000e+000	6.718818e-003
5.619999999999925e+000	5.620000e+000	6.719827e-003
5.629999999999924e+000	5.630000e+000	6.720837e-003
5.639999999999924e+000	5.640000e+000	6.721847e-003
5.649999999999924e+000	5.650000e+000	6.722857e-003
5.659999999999924e+000	5.660000e+000	6.723867e-003
5.669999999999924e+000	5.670000e+000	6.724877e-003
5.679999999999923e+000	5.680000e+000	6.725887e-003
5.689999999999923e+000	5.690000e+000	6.726897e-003
5.699999999999923e+000	5.700000e+000	6.727906e-003
5.709999999999923e+000	5.710000e+000	6.728916e-003
5.719999999999923e+000	5.720000e+000	6.729926e-003
5.729999999999922e+000	5.730000e+000	6.730936e-003
5.739999999999922e+000	5.740000e+000	6.731946e-003
5.749999999999922e+000	5.750000e+000	6.732956e-003
5.759999999999922e+000	5.760000e+000	6.733966e-003
5.769999999999921e+000	5.770000e+000	6.734976e-003
5.779999999999921e+000	5.780000e+000	6.735986e-003
5.789999999999921e+000	5.790000e+000	6.736996e-003
5.799999999999921e+000	5.800000e+000	6.738006e-003
5.809999999999921e+000	5.810000e+000	6.739015e-003
5.819999999999920e+000	5.820000e+000	6.740025e-003
5.829999999999920e+000	5.830000e+000	6.741035e-003
5.839999999999920e+000	5.840000e+000	6.742045e-003
5.849999999999920e+000	5.850000e+000	6.743055e-003
5.859999999999920e+000	5.860000e+000	6.744065e-003
5.869999999999919e+000	5.870000e+000	6.745075e-003
5.879999999999919e+000	5.880000e+000	6.746085e-003
5.889999999999919e+000	5.890000e+000	6.747094e-003
5.899999999999919e+000	5.900000e+000	6.748104e-003
5.909999999999918e+000	5.910000e+000	6.749114e-003
5.919999999999918e+000	5.920000e+000	6.750124e-003
5.929999999999918e+000	5.930000e+000	6.751134e-003
5.939999999999918e+000	5.940000e+000	6.752144e-003
5.949999999999918e+000	5.950000e+000	6.753154e-003
5.959999999999917e+000	5.960000e+000	6.754164e-003
5.969999999999917e+000	5.970000e+000	6.755174e-003
5.979999999999917e+000	5.980000e+000	6.756184e-003
5.989999999999917e+000	5.990000e+000	6.757193e-003
5.999999999999917e+000	6.000000e+000	6.758203e-003
6.009999999999916e+000	6.010000e+000	6.759213e-003
6.019999999999916e+000	6.020000e+000	6.760223e-003
6.029999999999916e+000	6.030000e+000	6.761233e-003
6.039999999999916e+000	6.040000e+000	6.762243e-003
6.049999999999915e+000	6.050000e+000	6.763253e-003
6.059999999999915e+000	6.060000e+000	6.764262e-003
6.069999999999915e+000	6.070000e+000	6.765272e-003
6.079999999999915e+000	6.080000e+000	6.766282e-003
6.089999999999915e+000	6.090000e+000	6.767292e-003
6.099999999999914e+000	6.100000e+000	6.768302e-003
6.109999999999914e+000	6.110000e+000	6.769312e-003
6.119999999999914e+000	6.120000e+000	6.770322e-003
6.129999999999914e+000	6.130000e+000	6.771332e-003
6.139999999999914e+000	6.140000e+000	6.772342e-003
6.149999999999913e+000	6.150000e+000	6.773352e-003
6.159999999999913e+000	6.160000e+000	6.774361e-003
6.169999999999913e+000	6.170000e+000	6.775371e-003
6.179999999999913e+000	6.180000e+000	6.776381e-003
6.189999999999913e+000	6.190000e+000	6.777391e-003
6.199999999999912e+000	6.200000e+000	6.778401e-003
6.209999999999912e+000	6.210000e+000	6.779411e-003
6.219999999999912e+000	6.220000e+000	6.780421e-003
6.229999999999912e+000	6.230000e+000	6.781430e-003
6.239999999999911e+000	6.240000e+000	6.782440e-003
6.249999999999911e+000	6.250000e+000	6.783450e-003
6.259999999999911e+000	6.260000e+000	6.784460e-003
6.269999999999911e+000	6.270000e+000	6.785470e-003
6.279999999999911e+000	6.280000e+000	6.786480e-003
6.289999999999910e+000	6.290000e+000	6.787490e-003
6.299999999999910e+000	6.300000e+000	6.788500e-003
6.309999999999910e+000	6.310000e+000	6.789510e-003
6.319999999999910e+000	6.320000e+000	6.790519e-003
6.329999999999910e+000	6.330000e+000	6.791529e-003
6.339999999999909e+000	6.340000e+000	6.792539e-003
6.349999999999909e+000	6.350000e+000	6.793549e-003
6.359999999999909e+000	6.360000e+000	6.794559e-003
6.369999999999909e+000	6.370000e+000	6.795569e-003
6.379999999999908e+000	6.380000e+000	6.796579e-003
6.389999999999908e+000	6.390000e+000	6.797588e-003
6.399999999999908e+000	6.400000e+000	6.798598e-003
6.409999999999908e+000	6.410000e+000	6.799608e-003
6.419999999999908e+000	6.420000e+000	6.800618e-003
6.429999999999907e+000	6.430000e+000	6.801628e-003
6.439999999999907e+000	6.440000e+000	6.802638e-003
6.449999999999907e+000	6.450000e+000	6.803648e-003
6.459999999999907e+000	6.460000e+000	6.804658e-003
6.469999999999907e+000	6.470000e+000	6.805668e-003
6.479999999999906e+000	6.480000e+000	6.806677e-003
6.489999999999906e+000	6.490000e+000	6.807687e-003
6.499999999999906e+000	6.500000e+000	6.808697e-003
6.509999999999906e+000	6.510000e+000	6.809707e-003
6.519999999999905e+000	6.520000e+000	6.810717e-003
6.529999999999905e+000	6.530000e+000	6.811727e-003
6.539999999999905e+000	6.540000e+000	6.812736e-003
6.549999999999905e+000	6.550000e+000	6.813746e-003
6.559999999999905e+000	6.560000e+000	6.814756e-003
6.569999999999904e+000	6.570000e+000	6.815766e-003
6.579999999999904e+000	6.580000e+000	6.816776e-003
6.589999999999904e+000	6.590000e+000	6.817786e-003
6.599999999999904e+000	6.600000e+000	6.818796e-003
6.609999999999904e+000	6.610000e+000	6.819806e-003
6.619999999999903e+000	6.620000e+000	6.820816e-003
6.629999999999903e+000	6.630000e+000	6.821825e-003
6.639999999999903e+000	6.640000e+000	6.822835e-003
6.649999999999903e+000	6.650000e+000	6.823845e-003
6.659999999999902e+000	6.660000e+000	6.824855e-003
6.669999999999902e+000	6.670000e+000	6.825865e-003
6.679999999999902e+000	6.680000e+000	6.826875e-003
6.689999999999902e+000	6.690000e+000	6.827884e-003
6.699999999999902e+000	6.700000e+000	6.828894e-003
6.709999999999901e+000	6.710000e+000	6.829904e-003
6.719999999999901e+000	6.720000e+000	6.830914e-003
6.729999999999901e+000	6.730000e+000	6.831924e-003
6.739999999999901e+000	6.740000e+000	6.832934e-003
6.749999999999901e+000	6.750000e+000	6.833944e-003
6.759999999999900e+000	6.760000e+000	6.834954e-003
6.769999999999900e+000	6.770000e+000	6.835963e-003
6.779999999999900e+000	6.780000e+000	6.836973e-003
6.789999999999900e+000	6.790000e+000	6.837983e-003
6.799999999999900e+000	6.800000e+000	6.838993e-003
6.809999999999899e+000	6.810000e+000	6.840003e-003
6.819999999999899e+000	6.820000e+000	6.841013e-003
6.829999999999899e+000	6.830000e+000	6.842022e-003
6.839999999999899e+000	6.840000e+000	6.843032e-003
6.849999999999898e+000	6.850000e+000	6.844042e-003
6.859999999999898e+000	6.860000e+000	6.845052e-003
6.869999999999898e+000	6.870000e+000	6.846062e-003
6.879999999999898e+000	6.880000e+000	6.847071e-003
6.889999999999898e+000	6.890000e+000	6.848081e-003
6.899999999999897e+000	6.900000e+000	6.849092e-003
6.909999999999897e+000	6.910000e+000	6.850101e-003
6.919999999999897e+000	6.920000e+000	6.851111e-003
6.929999999999897e+000	6.930000e+000	6.852121e-003
6.939999999999897e+000	6.940000e+000	6.853131e-003
6.949999999999896e+000	6.950000e+000	6.854141e-003
6.959999999999896e+000	6.960000e+000	6.855151e-003
6.969999999999896e+000	6.970000e+000	6.856160e-003
6.979999999999896e+000	6.980000e+000	6.857170e-003
6.989999999999895e+000	6.990000e+000	6.858180e-003
6.999999999999895e+000	7.000000e+000	6.859190e-003
7.009999999999895e+000	7.010000e+000	6.860200e-003
7.019999999999895e+000	7.020000e+000	6.861209e-003
7.029999999999895e+000	7.030000e+000	6.862219e-003
7.039999999999894e+000	7.040000e+000	6.863229e-003
7.049999999999894e+000	7.050000e+000	6.864239e-003
7.059999999999894e+000	7.060000e+000	6.865249e-003
7.069999999999894e+000	7.070000e+000	6.866259e-003
7.079999999999894e+000	7.080000e+000	6.867269e-003
7.089999999999893e+000	7.090000e+000	6.868279e-003
7.099999999999893e+000	7.100000e+000	6.869288e-003
7.109999999999893e+000	7.110000e+000	6.870298e-003
7.119999999999893e+000	7.120000e+000	6.871308e-003
7.129999999999892e+000	7.130000e+000	6.872318e-003
7.139999999999892e+000	7.140000e+000	6.873328e-003
7.149999999999892e+000	7.150000e+000	6.874337e-003
7.159999999999892e+000	7.160000e+000	6.875347e-003
7.169999999999892e+000	7.170000e+000	6.876357e-003
7.179999999999891e+000	7.180000e+000	6.877367e-003
7.189999999999891e+000	7.190000e+000	6.878377e-003
7.199999999999891e+000	7.200000e+000	6.879386e-003
7.209999999999891e+000	7.210000e+000	6.880397e-003
7.219999999999891e+000	7.220000e+000	6.881407e-003
7.229999999999890e+000	7.230000e+000	6.882416e-003
7.239999999999890e+000	7.240000e+000	6.883426e-003
7.249999999999890e+000	7.250000e+000	6.884436e-003
7.259999999999890e+000	7.260000e+000	6.885446e-003
7.269999999999889e+000	7.270000e+000	6.886456e-003
7.279999999999889e+000	7.280000e+000	6.887465e-003
7.289999999999889e+000	7.290000e+000	6.888475e-003
7.299999999999889e+000	7.300000e+000	6.889485e-003
7.309999999999889e+000	7.310000e+000	6.890495e-003
7.319999999999888e+000	7.320000e+000	6.891505e-003
7.329999999999888e+000	7.330000e+000	6.892514e-003
7.339999999999888e+000	7.340000e+000	6.893524e-003
7.349999999999888e+000	7.350000e+000	6.894534e-003
7.359999999999888e+000	7.360000e+000	6.895544e-003
7.369999999999887e+000	7.370000e+000	6.896554e-003
7.379999999999887e+000	7.380000e+000	6.897564e-003
7.389999999999887e+000	7.390000e+000	6.898574e-003
7.399999999999887e+000	7.400000e+000	6.899584e-003
7.409999999999887e+000	7.410000e+000	6.900593e-003
7.419999999999886e+000	7.420000e+000	6.901603e-003
7.429999999999886e+000	7.430000e+000	6.902613e-003
7.439999999999886e+000	7.440000e+000	6.903623e-003
7.449999999999886e+000	7.450000e+000	6.904633e-003
7.459999999999885e+000	7.460000e+000	6.905642e-003
7.469999999999885e+000	7.470000e+000	6.906652e-003
7.479999999999885e+000	7.480000e+000	6.907662e-003
7.489999999999885e+000	7.490000e+000	6.908672e-003
7.499999999999885e+000	7.500000e+000	6.909681e-003
7.509999999999884e+000	7.510000e+000	6.910692e-003
7.519999999999884e+000	7.520000e+000	6.911702e-003
7.529999999999884e+000	7.530000e+000	6.912711e-003
7.539999999999884e+000	7.540000e+000	6.913721e-003
7.549999999999884e+000	7.550000e+000	6.914731e-003
7.559999999999883e+000	7.560000e+000	6.915741e-003
7.569999999999883e+000	7.570000e+000	6.916751e-003
7.579999999999883e+000	7.580000e+000	6.917760e-003
7.589999999999883e+000	7.590000e+000	6.918770e-003
7.599999999999882e+000	7.600000e+000	6.919780e-003
7.609999999999882e+000	7.610000e+000	6.920790e-003
7.619999999999882e+000	7.620000e+000	6.921799e-003
7.629999999999882e+000	7.630000e+000	6.922809e-003
7.639999999999882e+000	7.640000e+000	6.923819e-003
7.649999999999881e+000	7.650000e+000	6.924829e-003
7.659999999999881e+000	7.660000e+000	6.925839e-003
7.669999999999881e+000	7.670000e+000	6.926849e-003
7.679999999999881e+000	7.680000e+000	6.927859e-003
7.689999999999881e+000	7.690000e+000	6.928868e-003
7.699999999999880e+000	7.700000e+000	6.929878e-003
7.709999999999880e+000	7.710000e+000	6.930888e-003
7.719999999999880e+000	7.720000e+000	6.931898e-003
7.729999999999880e+000	7.730000e+000	6.932908e-003
7.739999999999879e+000	7.740000e+000	6.933917e-003
7.749999999999879e+000	7.750000e+000	6.934927e-003
7.759999999999879e+000	7.760000e+000	6.935937e-003
7.769999999999879e+000	7.770000e+000	6.936947e-003
7.779999999999879e+000	7.780000e+000	6.937957e-003
7.789999999999878e+000	7.790000e+000	6.938966e-003
7.799999999999878e+000	7.800000e+000	6.939976e-003
7.809999999999878e+000	7.810000e+000	6.940986e-003
7.819999999999878e+000	7.820000e+000	6.941996e-003
7.829999999999878e+000	7.830000e+000	6.943006e-003
7.839999999999877e+000	7.840000e+000	6.944016e-003
7.849999999999877e+000	7.850000e+000	6.945025e-003
7.859999999999877e+000	7.860000e+000	6.946035e-003
7.869999999999877e+000	7.870000e+000	6.947045e-003
7.879999999999876e+000	7.880000e+000	6.948055e-003
7.889999999999876e+000	7.890000e+000	6.949065e-003
7.899999999999876e+000	7.900000e+000	6.950074e-003
7.909999999999876e+000	7.910000e+000	6.951084e-003
7.919999999999876e+000	7.920000e+000	6.952094e-003
7.929999999999875e+000	7.930000e+000	6.953104e-003
7.939999999999875e+000	7.940000e+000	6.954113e-003
7.949999999999875e+000	7.950000e+000	6.955124e-003
7.959999999999875e+000	7.960000e+000	6.956134e-003
7.969999999999875e+000	7.970000e+000	6.957143e-003
7.979999999999874e+000	7.980000e+000	6.958153e-003
7.989999999999874e+000	7.990000e+000	6.959163e-003
7.999999999999874e+000	8.000000e+000	6.960173e-003
8.009999999999874e+000	8.010000e+000	6.961182e-003
8.019999999999874e+000	8.020000e+000	6.962192e-003
8.029999999999873e+000	8.030000e+000	6.963202e-003
8.039999999999873e+000	8.040000e+000	6.964212e-003
8.049999999999873e+000	8.050000e+000	6.965221e-003
8.059999999999873e+000	8.060000e+000	6.966231e-003
8.069999999999872e+000	8.070000e+000	6.967241e-003
8.079999999999872e+000	8.080000e+000	6.968251e-003
8.089999999999872e+000	8.090000e+000	6.969261e-003
8.099999999999872e+000	8.100000e+000	6.970271e-003
8.109999999999872e+000	8.110000e+000	6.971281e-003
8.119999999999871e+000	8.120000e+000	6.972290e-003
8.129999999999871e+000	8.130000e+000	6.973300e-003
8.139999999999871e+000	8.140000e+000	6.974310e-003
8.149999999999871e+000	8.150000e+000	6.975320e-003
8.159999999999871e+000	8.160000e+000	6.976329e-003
8.169999999999870e+000	8.170000e+000	6.977339e-003
8.179999999999870e+000	8.180000e+000	6.978349e-003
8.189999999999870e+000	8.190000e+000	6.979359e-003
8.199999999999870e+000	8.200000e+000	6.980368e-003
8.209999999999869e+000	8.210000e+000	6.981378e-003
8.219999999999869e+000	8.220000e+000	6.982388e-003
8.229999999999869e+000	8.230000e+000	6.983398e-003
8.239999999999869e+000	8.240000e+000	6.984408e-003
8.249999999999869e+000	8.250000e+000	6.985418e-003
8.259999999999868e+000	8.260000e+000	6.986428e-003
8.269999999999868e+000	8.270000e+000	6.987437e-003
8.279999999999868e+000	8.280000e+000	6.988447e-003
8.289999999999868e+000	8.290000e+000	6.989457e-003
8.299999999999868e+000	8.300000e+000	6.990467e-003
8.309999999999867e+000	8.310000e+000	6.991476e-003
8.319999999999867e+000	8.320000e+000	6.992486e-003
8.329999999999867e+000	8.330000e+000	6.993496e-003
8.339999999999867e+000	8.340000e+000	6.994506e-003
8.349999999999866e+000	8.350000e+000	6.995515e-003
8.359999999999866e+000	8.360000e+000	6.996525e-003
8.369999999999866e+000	8.370000e+000	6.997535e-003
8.379999999999866e+000	8.380000e+000	6.998545e-003
8.389999999999866e+000	8.390000e+000	6.999555e-003
8.399999999999865e+000	8.400000e+000	7.000565e-003
8.409999999999865e+000	8.410000e+000	7.001574e-003
8.419999999999865e+000	8.420000e+000	7.002584e-003
8.429999999999865e+000	8.430000e+000	7.003594e-003
8.439999999999865e+000	8.440000e+000	7.004604e-003
8.449999999999864e+000	8.450000e+000	7.005613e-003
8.459999999999864e+000	8.460000e+000	7.006623e-003
8.469999999999864e+000	8.470000e+000	7.007633e-003
8.479999999999864e+000	8.480000e+000	7.008643e-003
8.489999999999863e+000	8.490000e+000	7.009652e-003
8.499999999999863e+000	8.500000e+000	7.010662e-003
8.509999999999863e+000	8.510000e+000	7.011672e-003
8.519999999999863e+000	8.520000e+000	7.012682e-003
8.529999999999863e+000	8.530000e+000	7.013692e-003
8.539999999999862e+000	8.540000e+000	7.014702e-003
8.549999999999862e+000	8.550000e+000	7.015711e-003
8.559999999999862e+000	8.560000e+000	7.016721e-003
8.569999999999862e+000	8.570000e+000	7.017731e-003
8.579999999999862e+000	8.580000e+000	7.018741e-003
8.589999999999861e+000	8.590000e+000	7.019750e-003
8.599999999999861e+000	8.600000e+000	7.020760e-003
8.609999999999861e+000	8.610000e+000	7.021770e-003
8.619999999999861e+000	8.620000e+000	7.022780e-003
8.629999999999860e+000	8.630000e+000	7.023789e-003
8.639999999999860e+000	8.640000e+000	7.024799e-003
8.649999999999860e+000	8.650000e+000	7.025809e-003
8.659999999999860e+000	8.660000e+000	7.026819e-003
8.669999999999860e+000	8.670000e+000	7.027829e-003
8.679999999999859e+000	8.680000e+000	7.028839e-003
8.689999999999859e+000	8.690000e+000	7.029848e-003
8.699999999999859e+000	8.700000e+000	7.030858e-003
8.709999999999859e+000	8.710000e+000	7.031868e-003
8.719999999999859e+000	8.720000e+000	7.032878e-003
8.729999999999858e+000	8.730000e+000	7.033887e-003
8.739999999999858e+000	8.740000e+000	7.034897e-003
8.749999999999858e+000	8.750000e+000	7.035907e-003
8.759999999999858e+000	8.760000e+000	7.036917e-003
8.769999999999858e+000	8.770000e+000	7.037926e-003
8.779999999999857e+000	8.780000e+000	7.038936e-003
8.789999999999857e+000	8.790000e+000	7.039946e-003
8.799999999999857e+000	8.800000e+000	7.040956e-003
8.809999999999857e+000	8.810000e+000	7.041966e-003
8.819999999999856e+000	8.820000e+000	7.042976e-003
8.829999999999856e+000	8.830000e+000	7.043985e-003
8.839999999999856e+000	8.840000e+000	7.044995e-003
8.849999999999856e+000	8.850000e+000	7.046005e-003
8.859999999999856e+000	8.860000e+000	7.047015e-003
8.869999999999855e+000	8.870000e+000	7.048024e-003
8.879999999999855e+000	8.880000e+000	7.049034e-003
8.889999999999855e+000	8.890000e+000	7.050044e-003
8.899999999999855e+000	8.900000e+000	7.051053e-003
8.909999999999855e+000	8.910000e+000	7.052063e-003
8.919999999999854e+000	8.920000e+000	7.053073e-003
8.929999999999854e+000	8.930000e+000	7.054083e-003
8.939999999999854e+000	8.940000e+000	7.055093e-003
8.949999999999854e+000	8.950000e+000	7.056103e-003
8.959999999999853e+000	8.960000e+000	7.057112e-003
8.969999999999853e+000	8.970000e+000	7.058122e-003
8.979999999999853e+000	8.980000e+000	7.059132e-003
8.989999999999853e+000	8.990000e+000	7.060142e-003
8.999999999999853e+000	9.000000e+000	7.061151e-003
9.009999999999852e+000	9.010000e+000	7.062161e-003
9.019999999999852e+000	9.020000e+000	7.063171e-003
9.029999999999852e+000	9.030000e+000	7.064180e-003
9.039999999999852e+000	9.040000e+000	7.065190e-003
9.049999999999852e+000	9.050000e+000	7.066200e-003
9.059999999999851e+000	9.060000e+000	7.067210e-003
9.069999999999851e+000	9.070000e+000	7.068220e-003
9.079999999999851e+000	9.080000e+000	7.069230e-003
9.089999999999851e+000	9.090000e+000	7.070239e-003
9.099999999999850e+000	9.100000e+000	7.071249e-003
9.109999999999850e+000	9.110000e+000	7.072259e-003
9.119999999999850e+000	9.120000e+000	7.073269e-003
9.129999999999850e+000	9.130000e+000	7.074278e-003
9.139999999999850e+000	9.140000e+000	7.075288e-003
9.149999999999849e+000	9.150000e+000	7.076298e-003
9.159999999999849e+000	9.160000e+000	7.077307e-003
9.169999999999849e+000	9.170000e+000	7.078317e-003
9.179999999999849e+000	9.180000e+000	7.079327e-003
9.189999999999849e+000	9.190000e+000	7.080337e-003
9.199999999999848e+000	9.200000e+000	7.081347e-003
9.209999999999848e+000	9.210000e+000	7.082357e-003
9.219999999999848e+000	9.220000e+000	7.083366e-003
9.229999999999848e+000	9.230000e+000	7.084376e-003
9.239999999999847e+000	9.240000e+000	7.085386e-003
9.249999999999847e+000	9.250000e+000	7.086395e-003
9.259999999999847e+000	9.260000e+000	7.087405e-003
9.269999999999847e+000	9.270000e+000	7.088415e-003
9.279999999999847e+000	9.280000e+000	7.089425e-003
9.289999999999846e+000	9.290000e+000	7.090434e-003
9.299999999999846e+000	9.300000e+000	7.091444e-003
9.309999999999846e+000	9.310000e+000	7.092454e-003
9.319999999999846e+000	9.320000e+000	7.093464e-003
9.329999999999846e+000	9.330000e+000	7.094474e-003
9.339999999999845e+000	9.340000e+000	7.095483e-003
9.349999999999845e+000	9.350000e+000	7.096493e-003
9.359999999999845e+000	9.360000e+000	7.097503e-003
9.369999999999845e+000	9.370000e+000	7.098513e-003
9.379999999999845e+000	9.380000e+000	7.099522e-003
9.389999999999844e+000	9.390000e+000	7.100532e-003
9.399999999999844e+000	9.400000e+000	7.101542e-003
9.409999999999844e+000	9.410000e+000	7.102551e-003
9.419999999999844e+000	9.420000e+000	7.103561e-003
9.429999999999843e+000	9.430000e+000	7.104571e-003
9.439999999999843e+000	9.440000e+000	7.105581e-003
9.449999999999843e+000	9.450000e+000	7.106591e-003
9.459999999999843e+000	9.460000e+000	7.107600e-003
9.469999999999843e+000	9.470000e+000	7.108610e-003
9.479999999999842e+000	9.480000e+000	7.109620e-003
9.489999999999842e+000	9.490000e+000	7.110630e-003
9.499999999999842e+000	9.500000e+000	7.111639e-003
9.509999999999842e+000	9.510000e+000	7.112649e-003
9.519999999999842e+000	9.520000e+000	7.113659e-003
9.529999999999841e+000	9.530000e+000	7.114668e-003
9.539999999999841e+000	9.540000e+000	7.115678e-003
9.549999999999841e+000	9.550000e+000	7.116688e-003
9.559999999999841e+000	9.560000e+000	7.117698e-003
9.569999999999840e+000	9.570000e+000	7.118708e-003
9.579999999999840e+000	9.580000e+000	7.119718e-003
9.589999999999840e+000	9.590000e+000	7.120727e-003
9.599999999999840e+000	9.600000e+000	7.121737e-003
9.609999999999840e+000	9.610000e+000	7.122747e-003
9.619999999999839e+000	9.620000e+000	7.123756e-003
9.629999999999839e+000	9.630000e+000	7.124766e-003
9.639999999999839e+000	9.640000e+000	7.125776e-003
9.649999999999839e+000	9.650000e+000	7.126785e-003
9.659999999999839e+000	9.660000e+000	7.127795e-003
9.669999999999838e+000	9.670000e+000	7.128805e-003
9.679999999999838e+000	9.680000e+000	7.129815e-003
9.689999999999838e+000	9.690000e+000	7.130824e-003
9.699999999999838e+000	9.700000e+000	7.131834e-003
9.709999999999837e+000	9.710000e+000	7.132844e-003
9.719999999999837e+000	9.720000e+000	7.133854e-003
9.729999999999837e+000	9.730000e+000	7.134864e-003
9.739999999999837e+000	9.740000e+000	7.135873e-003
9.749999999999837e+000	9.750000e+000	7.136883e-003
9.759999999999836e+000	9.760000e+000	7.137893e-003
9.769999999999836e+000	9.770000e+000	7.138902e-003
9.779999999999836e+000	9.780000e+000	7.139912e-003
9.789999999999836e+000	9.790000e+000	7.140922e-003
9.799999999999836e+000	9.800000e+000	7.141931e-003
9.809999999999835e+000	9.810000e+000	7.142941e-003
9.819999999999835e+000	9.820000e+000	7.143951e-003
9.829999999999835e+000	9.830000e+000	7.144961e-003
9.839999999999835e+000	9.840000e+000	7.145971e-003
9.849999999999834e+000	9.850000e+000	7.146980e-003
9.859999999999834e+000	9.860000e+000	7.147990e-003
9.869999999999834e+000	9.870000e+000	7.149000e-003
9.879999999999834e+000	9.880000e+000	7.150010e-003
9.889999999999834e+000	9.890000e+000	7.151019e-003
9.899999999999833e+000	9.900000e+000	7.152029e-003
9.909999999999833e+000	9.910000e+000	7.153039e-003
9.919999999999833e+000	9.920000e+000	7.154048e-003
9.929999999999833e+000	9.930000e+000	7.155058e-003
9.939999999999833e+000	9.940000e+000	7.156068e-003
9.949999999999832e+000	9.950000e+000	7.157078e-003
9.959999999999832e+000	9.960000e+000	7.158088e-003
9.969999999999832e+000	9.970000e+000	7.159097e-003
9.979999999999832e+000	9.980000e+000	7.160107e-003
9.989999999999832e+000	9.990000e+000	7.161117e-003
1.000000000000000e+001	1.000000e+001	7.162126e-003
