v2	I(R2)
0.000000000000000e+000	-4.332810e-005
1.000000000000000e-002	2.517362e-005
2.000000000000000e-002	9.582834e-005
3.000000000000000e-002	1.683957e-004
4.000000000000000e-002	2.426541e-004
5.000000000000000e-002	3.184172e-004
6.000000000000001e-002	3.955241e-004
7.000000000000001e-002	4.738354e-004
8.000000000000000e-002	5.532303e-004
9.000000000000000e-002	6.336034e-004
9.999999999999999e-002	7.148625e-004
1.100000000000000e-001	7.969270e-004
1.200000000000000e-001	8.797258e-004
1.300000000000000e-001	9.631963e-004
1.400000000000000e-001	1.047283e-003
1.500000000000000e-001	1.131936e-003
1.600000000000000e-001	1.217112e-003
1.700000000000000e-001	1.302771e-003
1.800000000000000e-001	1.388878e-003
1.900000000000000e-001	1.475400e-003
2.000000000000000e-001	1.562310e-003
2.100000000000001e-001	1.649580e-003
2.200000000000001e-001	1.737187e-003
2.300000000000001e-001	1.825110e-003
2.400000000000001e-001	1.913329e-003
2.500000000000001e-001	2.001826e-003
2.600000000000001e-001	2.090584e-003
2.700000000000001e-001	2.179588e-003
2.800000000000001e-001	2.268824e-003
2.900000000000001e-001	2.358279e-003
3.000000000000001e-001	2.447942e-003
3.100000000000001e-001	2.537801e-003
3.200000000000001e-001	2.627845e-003
3.300000000000001e-001	2.718067e-003
3.400000000000001e-001	2.808455e-003
3.500000000000001e-001	2.899003e-003
3.600000000000002e-001	2.989702e-003
3.700000000000002e-001	3.080546e-003
3.800000000000002e-001	3.171527e-003
3.900000000000002e-001	3.262639e-003
4.000000000000002e-001	3.353877e-003
4.100000000000002e-001	3.445234e-003
4.200000000000002e-001	3.536705e-003
4.300000000000002e-001	3.628286e-003
4.400000000000002e-001	3.719971e-003
4.500000000000002e-001	3.811756e-003
4.600000000000002e-001	3.903638e-003
4.700000000000003e-001	3.995611e-003
4.800000000000003e-001	4.087672e-003
4.900000000000003e-001	4.179818e-003
5.000000000000002e-001	4.272046e-003
5.100000000000002e-001	4.364351e-003
5.200000000000002e-001	4.456731e-003
5.300000000000003e-001	4.549182e-003
5.400000000000003e-001	4.641704e-003
5.500000000000003e-001	4.734291e-003
5.600000000000003e-001	4.826942e-003
5.700000000000003e-001	4.919656e-003
5.800000000000003e-001	5.012427e-003
5.900000000000003e-001	5.105257e-003
6.000000000000003e-001	5.198140e-003
6.100000000000003e-001	5.291076e-003
6.200000000000003e-001	5.384063e-003
6.300000000000003e-001	5.477099e-003
6.400000000000004e-001	5.570182e-003
6.500000000000004e-001	5.663310e-003
6.600000000000004e-001	5.756481e-003
6.700000000000004e-001	5.849694e-003
6.800000000000004e-001	5.942948e-003
6.900000000000004e-001	6.036240e-003
7.000000000000004e-001	6.129570e-003
7.100000000000004e-001	6.222935e-003
7.200000000000004e-001	6.316335e-003
7.300000000000004e-001	6.409768e-003
7.400000000000004e-001	6.503233e-003
7.500000000000004e-001	6.596728e-003
7.600000000000005e-001	6.690253e-003
7.700000000000005e-001	6.783806e-003
7.800000000000005e-001	6.877386e-003
7.900000000000005e-001	6.970991e-003
8.000000000000005e-001	7.064622e-003
8.100000000000005e-001	7.158276e-003
8.200000000000005e-001	7.251953e-003
8.300000000000005e-001	7.345652e-003
8.400000000000005e-001	7.439371e-003
8.500000000000005e-001	7.533110e-003
8.600000000000005e-001	7.626867e-003
8.700000000000006e-001	7.720643e-003
8.800000000000006e-001	7.814435e-003
8.900000000000006e-001	7.908244e-003
9.000000000000006e-001	8.002067e-003
9.100000000000006e-001	8.095904e-003
9.200000000000006e-001	8.189755e-003
9.300000000000006e-001	8.283619e-003
9.400000000000006e-001	8.377494e-003
9.500000000000006e-001	8.471380e-003
9.600000000000006e-001	8.565277e-003
9.700000000000006e-001	8.659182e-003
9.800000000000007e-001	8.753096e-003
9.900000000000007e-001	8.847018e-003
1.000000000000001e+000	8.940946e-003
1.010000000000001e+000	9.034881e-003
1.020000000000001e+000	9.128822e-003
1.030000000000001e+000	9.222767e-003
1.040000000000001e+000	9.316716e-003
1.050000000000001e+000	9.410669e-003
1.060000000000001e+000	9.504624e-003
1.070000000000001e+000	9.598580e-003
1.080000000000001e+000	9.692538e-003
1.090000000000001e+000	9.786496e-003
1.100000000000001e+000	9.880453e-003
1.110000000000001e+000	9.974409e-003
1.120000000000001e+000	1.006836e-002
1.130000000000001e+000	1.016231e-002
1.140000000000001e+000	1.025626e-002
1.150000000000001e+000	1.035021e-002
1.160000000000001e+000	1.044415e-002
1.170000000000001e+000	1.053808e-002
1.180000000000001e+000	1.063201e-002
1.190000000000001e+000	1.072593e-002
1.200000000000001e+000	1.081984e-002
1.210000000000001e+000	1.091374e-002
1.220000000000001e+000	1.100763e-002
1.230000000000001e+000	1.110152e-002
1.240000000000001e+000	1.119539e-002
1.250000000000001e+000	1.128925e-002
1.260000000000001e+000	1.138310e-002
1.270000000000001e+000	1.147693e-002
1.280000000000001e+000	1.157075e-002
1.290000000000001e+000	1.166456e-002
1.300000000000001e+000	1.175835e-002
1.310000000000001e+000	1.185212e-002
1.320000000000001e+000	1.194587e-002
1.330000000000001e+000	1.203961e-002
1.340000000000001e+000	1.213332e-002
1.350000000000001e+000	1.222702e-002
1.360000000000001e+000	1.232069e-002
1.370000000000001e+000	1.241434e-002
1.380000000000001e+000	1.250796e-002
1.390000000000001e+000	1.260157e-002
1.400000000000001e+000	1.269514e-002
1.410000000000001e+000	1.278869e-002
1.420000000000001e+000	1.288221e-002
1.430000000000001e+000	1.297570e-002
1.440000000000001e+000	1.306916e-002
1.450000000000001e+000	1.316259e-002
1.460000000000001e+000	1.325599e-002
1.470000000000001e+000	1.334935e-002
1.480000000000001e+000	1.344268e-002
1.490000000000001e+000	1.353597e-002
1.500000000000001e+000	1.362922e-002
1.510000000000001e+000	1.372243e-002
1.520000000000001e+000	1.381560e-002
1.530000000000001e+000	1.390873e-002
1.540000000000001e+000	1.400181e-002
1.550000000000001e+000	1.409484e-002
1.560000000000001e+000	1.418783e-002
1.570000000000001e+000	1.428077e-002
1.580000000000001e+000	1.437366e-002
1.590000000000001e+000	1.446649e-002
1.600000000000001e+000	1.455926e-002
1.610000000000001e+000	1.465198e-002
1.620000000000001e+000	1.474464e-002
1.630000000000001e+000	1.483723e-002
1.640000000000001e+000	1.492976e-002
1.650000000000001e+000	1.502222e-002
1.660000000000001e+000	1.511461e-002
1.670000000000001e+000	1.520693e-002
1.680000000000001e+000	1.529917e-002
1.690000000000001e+000	1.539134e-002
1.700000000000001e+000	1.548342e-002
1.710000000000001e+000	1.557541e-002
1.720000000000001e+000	1.566732e-002
1.730000000000001e+000	1.575913e-002
1.740000000000001e+000	1.585084e-002
1.750000000000001e+000	1.594246e-002
1.760000000000001e+000	1.603396e-002
1.770000000000001e+000	1.612536e-002
1.780000000000001e+000	1.621664e-002
1.790000000000001e+000	1.630780e-002
1.800000000000001e+000	1.639884e-002
1.810000000000001e+000	1.648974e-002
1.820000000000001e+000	1.658051e-002
1.830000000000001e+000	1.667113e-002
1.840000000000001e+000	1.676160e-002
1.850000000000001e+000	1.685191e-002
1.860000000000001e+000	1.694205e-002
1.870000000000001e+000	1.703201e-002
1.880000000000001e+000	1.712179e-002
1.890000000000002e+000	1.721137e-002
1.900000000000002e+000	1.730075e-002
1.910000000000002e+000	1.738991e-002
1.920000000000002e+000	1.747883e-002
1.930000000000002e+000	1.756752e-002
1.940000000000002e+000	1.765594e-002
1.950000000000002e+000	1.774409e-002
1.960000000000002e+000	1.783195e-002
1.970000000000002e+000	1.791950e-002
1.980000000000002e+000	1.800671e-002
1.990000000000002e+000	1.809358e-002
2.000000000000001e+000	1.818006e-002
2.010000000000001e+000	1.826614e-002
2.020000000000001e+000	1.835178e-002
2.030000000000001e+000	1.843695e-002
2.040000000000001e+000	1.852162e-002
2.050000000000000e+000	1.860574e-002
2.060000000000000e+000	1.868927e-002
2.070000000000000e+000	1.877216e-002
2.080000000000000e+000	1.885435e-002
2.089999999999999e+000	1.893577e-002
2.099999999999999e+000	1.901636e-002
2.109999999999999e+000	1.909603e-002
2.119999999999999e+000	1.917468e-002
2.129999999999999e+000	1.925222e-002
2.139999999999998e+000	1.932853e-002
2.149999999999998e+000	1.940345e-002
2.159999999999998e+000	1.947684e-002
2.169999999999998e+000	1.954852e-002
2.179999999999998e+000	1.961827e-002
2.189999999999997e+000	1.968586e-002
2.199999999999997e+000	1.975103e-002
2.209999999999997e+000	1.981346e-002
2.219999999999997e+000	1.987283e-002
2.229999999999996e+000	1.992878e-002
2.239999999999996e+000	1.998093e-002
2.249999999999996e+000	2.002891e-002
2.259999999999996e+000	2.007239e-002
2.269999999999996e+000	2.011112e-002
2.279999999999995e+000	2.014499e-002
2.289999999999995e+000	2.017402e-002
2.299999999999995e+000	2.019845e-002
2.309999999999995e+000	2.021866e-002
2.319999999999995e+000	2.023519e-002
2.329999999999994e+000	2.024862e-002
2.339999999999994e+000	2.025954e-002
2.349999999999994e+000	2.026848e-002
2.359999999999994e+000	2.027590e-002
2.369999999999993e+000	2.028218e-002
2.379999999999993e+000	2.028762e-002
2.389999999999993e+000	2.029244e-002
2.399999999999993e+000	2.029681e-002
2.409999999999993e+000	2.030085e-002
2.419999999999992e+000	2.030466e-002
2.429999999999992e+000	2.030831e-002
2.439999999999992e+000	2.031183e-002
2.449999999999992e+000	2.031526e-002
2.459999999999992e+000	2.031864e-002
2.469999999999991e+000	2.032197e-002
2.479999999999991e+000	2.032526e-002
2.489999999999991e+000	2.032853e-002
2.499999999999991e+000	2.033179e-002
2.509999999999991e+000	2.033503e-002
2.519999999999990e+000	2.033827e-002
2.529999999999990e+000	2.034150e-002
2.539999999999990e+000	2.034472e-002
2.549999999999990e+000	2.034795e-002
2.559999999999989e+000	2.035116e-002
2.569999999999989e+000	2.035438e-002
2.579999999999989e+000	2.035760e-002
2.589999999999989e+000	2.036081e-002
2.599999999999989e+000	2.036403e-002
2.609999999999988e+000	2.036724e-002
2.619999999999988e+000	2.037046e-002
2.629999999999988e+000	2.037367e-002
2.639999999999988e+000	2.037688e-002
2.649999999999988e+000	2.038010e-002
2.659999999999987e+000	2.038331e-002
2.669999999999987e+000	2.038652e-002
2.679999999999987e+000	2.038974e-002
2.689999999999987e+000	2.039295e-002
2.699999999999986e+000	2.039616e-002
2.709999999999986e+000	2.039937e-002
2.719999999999986e+000	2.040259e-002
2.729999999999986e+000	2.040580e-002
2.739999999999986e+000	2.040901e-002
2.749999999999985e+000	2.041223e-002
2.759999999999985e+000	2.041544e-002
2.769999999999985e+000	2.041865e-002
2.779999999999985e+000	2.042186e-002
2.789999999999985e+000	2.042508e-002
2.799999999999984e+000	2.042829e-002
2.809999999999984e+000	2.043150e-002
2.819999999999984e+000	2.043472e-002
2.829999999999984e+000	2.043793e-002
2.839999999999983e+000	2.044114e-002
2.849999999999983e+000	2.044435e-002
2.859999999999983e+000	2.044757e-002
2.869999999999983e+000	2.045078e-002
2.879999999999983e+000	2.045399e-002
2.889999999999982e+000	2.045721e-002
2.899999999999982e+000	2.046042e-002
2.909999999999982e+000	2.046363e-002
2.919999999999982e+000	2.046685e-002
2.929999999999982e+000	2.047006e-002
2.939999999999981e+000	2.047327e-002
2.949999999999981e+000	2.047648e-002
2.959999999999981e+000	2.047970e-002
2.969999999999981e+000	2.048291e-002
2.979999999999980e+000	2.048612e-002
2.989999999999980e+000	2.048934e-002
2.999999999999980e+000	2.049255e-002
3.009999999999980e+000	2.049576e-002
3.019999999999980e+000	2.049897e-002
3.029999999999979e+000	2.050219e-002
3.039999999999979e+000	2.050540e-002
3.049999999999979e+000	2.050861e-002
3.059999999999979e+000	2.051182e-002
3.069999999999979e+000	2.051504e-002
3.079999999999978e+000	2.051825e-002
3.089999999999978e+000	2.052146e-002
3.099999999999978e+000	2.052468e-002
3.109999999999978e+000	2.052789e-002
3.119999999999978e+000	2.053110e-002
3.129999999999977e+000	2.053431e-002
3.139999999999977e+000	2.053753e-002
3.149999999999977e+000	2.054074e-002
3.159999999999977e+000	2.054395e-002
3.169999999999976e+000	2.054717e-002
3.179999999999976e+000	2.055038e-002
3.189999999999976e+000	2.055359e-002
3.199999999999976e+000	2.055680e-002
3.209999999999976e+000	2.056002e-002
3.219999999999975e+000	2.056323e-002
3.229999999999975e+000	2.056644e-002
3.239999999999975e+000	2.056966e-002
3.249999999999975e+000	2.057287e-002
3.259999999999975e+000	2.057608e-002
3.269999999999974e+000	2.057929e-002
3.279999999999974e+000	2.058251e-002
3.289999999999974e+000	2.058572e-002
3.299999999999974e+000	2.058893e-002
3.309999999999973e+000	2.059215e-002
3.319999999999973e+000	2.059536e-002
3.329999999999973e+000	2.059857e-002
3.339999999999973e+000	2.060178e-002
3.349999999999973e+000	2.060500e-002
3.359999999999972e+000	2.060821e-002
3.369999999999972e+000	2.061142e-002
3.379999999999972e+000	2.061464e-002
3.389999999999972e+000	2.061785e-002
3.399999999999972e+000	2.062106e-002
3.409999999999971e+000	2.062427e-002
3.419999999999971e+000	2.062749e-002
3.429999999999971e+000	2.063070e-002
3.439999999999971e+000	2.063391e-002
3.449999999999970e+000	2.063712e-002
3.459999999999970e+000	2.064034e-002
3.469999999999970e+000	2.064355e-002
3.479999999999970e+000	2.064676e-002
3.489999999999970e+000	2.064998e-002
3.499999999999969e+000	2.065319e-002
3.509999999999969e+000	2.065640e-002
3.519999999999969e+000	2.065961e-002
3.529999999999969e+000	2.066283e-002
3.539999999999969e+000	2.066604e-002
3.549999999999968e+000	2.066925e-002
3.559999999999968e+000	2.067246e-002
3.569999999999968e+000	2.067568e-002
3.579999999999968e+000	2.067889e-002
3.589999999999967e+000	2.068210e-002
3.599999999999967e+000	2.068532e-002
3.609999999999967e+000	2.068853e-002
3.619999999999967e+000	2.069174e-002
3.629999999999967e+000	2.069495e-002
3.639999999999966e+000	2.069817e-002
3.649999999999966e+000	2.070138e-002
3.659999999999966e+000	2.070459e-002
3.669999999999966e+000	2.070781e-002
3.679999999999966e+000	2.071102e-002
3.689999999999965e+000	2.071423e-002
3.699999999999965e+000	2.071744e-002
3.709999999999965e+000	2.072066e-002
3.719999999999965e+000	2.072387e-002
3.729999999999965e+000	2.072708e-002
3.739999999999964e+000	2.073030e-002
3.749999999999964e+000	2.073351e-002
3.759999999999964e+000	2.073672e-002
3.769999999999964e+000	2.073993e-002
3.779999999999963e+000	2.074315e-002
3.789999999999963e+000	2.074636e-002
3.799999999999963e+000	2.074957e-002
3.809999999999963e+000	2.075278e-002
3.819999999999963e+000	2.075600e-002
3.829999999999962e+000	2.075921e-002
3.839999999999962e+000	2.076242e-002
3.849999999999962e+000	2.076564e-002
3.859999999999962e+000	2.076885e-002
3.869999999999962e+000	2.077206e-002
3.879999999999961e+000	2.077527e-002
3.889999999999961e+000	2.077849e-002
3.899999999999961e+000	2.078170e-002
3.909999999999961e+000	2.078491e-002
3.919999999999960e+000	2.078813e-002
3.929999999999960e+000	2.079134e-002
3.939999999999960e+000	2.079455e-002
3.949999999999960e+000	2.079776e-002
3.959999999999960e+000	2.080098e-002
3.969999999999959e+000	2.080419e-002
3.979999999999959e+000	2.080740e-002
3.989999999999959e+000	2.081062e-002
3.999999999999959e+000	2.081383e-002
4.009999999999959e+000	2.081704e-002
4.019999999999959e+000	2.082025e-002
4.029999999999959e+000	2.082347e-002
4.039999999999958e+000	2.082668e-002
4.049999999999958e+000	2.082989e-002
4.059999999999958e+000	2.083310e-002
4.069999999999958e+000	2.083632e-002
4.079999999999957e+000	2.083953e-002
4.089999999999957e+000	2.084274e-002
4.099999999999957e+000	2.084596e-002
4.109999999999957e+000	2.084917e-002
4.119999999999957e+000	2.085238e-002
4.129999999999956e+000	2.085559e-002
4.139999999999956e+000	2.085881e-002
4.149999999999956e+000	2.086202e-002
4.159999999999956e+000	2.086523e-002
4.169999999999956e+000	2.086844e-002
4.179999999999955e+000	2.087166e-002
4.189999999999955e+000	2.087487e-002
4.199999999999955e+000	2.087808e-002
4.209999999999955e+000	2.088130e-002
4.219999999999955e+000	2.088451e-002
4.229999999999954e+000	2.088772e-002
4.239999999999954e+000	2.089093e-002
4.249999999999954e+000	2.089415e-002
4.259999999999954e+000	2.089736e-002
4.269999999999953e+000	2.090057e-002
4.279999999999953e+000	2.090378e-002
4.289999999999953e+000	2.090700e-002
4.299999999999953e+000	2.091021e-002
4.309999999999953e+000	2.091342e-002
4.319999999999952e+000	2.091664e-002
4.329999999999952e+000	2.091985e-002
4.339999999999952e+000	2.092306e-002
4.349999999999952e+000	2.092627e-002
4.359999999999952e+000	2.092949e-002
4.369999999999951e+000	2.093270e-002
4.379999999999951e+000	2.093591e-002
4.389999999999951e+000	2.093912e-002
4.399999999999951e+000	2.094234e-002
4.409999999999950e+000	2.094555e-002
4.419999999999950e+000	2.094876e-002
4.429999999999950e+000	2.095198e-002
4.439999999999950e+000	2.095519e-002
4.449999999999950e+000	2.095840e-002
4.459999999999949e+000	2.096161e-002
4.469999999999949e+000	2.096483e-002
4.479999999999949e+000	2.096804e-002
4.489999999999949e+000	2.097125e-002
4.499999999999949e+000	2.097446e-002
4.509999999999948e+000	2.097768e-002
4.519999999999948e+000	2.098089e-002
4.529999999999948e+000	2.098410e-002
4.539999999999948e+000	2.098731e-002
4.549999999999947e+000	2.099053e-002
4.559999999999947e+000	2.099374e-002
4.569999999999947e+000	2.099695e-002
4.579999999999947e+000	2.100017e-002
4.589999999999947e+000	2.100338e-002
4.599999999999946e+000	2.100659e-002
4.609999999999946e+000	2.100980e-002
4.619999999999946e+000	2.101302e-002
4.629999999999946e+000	2.101623e-002
4.639999999999946e+000	2.101944e-002
4.649999999999945e+000	2.102265e-002
4.659999999999945e+000	2.102587e-002
4.669999999999945e+000	2.102908e-002
4.679999999999945e+000	2.103229e-002
4.689999999999944e+000	2.103550e-002
4.699999999999944e+000	2.103872e-002
4.709999999999944e+000	2.104193e-002
4.719999999999944e+000	2.104514e-002
4.729999999999944e+000	2.104836e-002
4.739999999999943e+000	2.105157e-002
4.749999999999943e+000	2.105478e-002
4.759999999999943e+000	2.105799e-002
4.769999999999943e+000	2.106121e-002
4.779999999999943e+000	2.106442e-002
4.789999999999942e+000	2.106763e-002
4.799999999999942e+000	2.107084e-002
4.809999999999942e+000	2.107406e-002
4.819999999999942e+000	2.107727e-002
4.829999999999942e+000	2.108048e-002
4.839999999999941e+000	2.108369e-002
4.849999999999941e+000	2.108691e-002
4.859999999999941e+000	2.109012e-002
4.869999999999941e+000	2.109333e-002
4.879999999999940e+000	2.109654e-002
4.889999999999940e+000	2.109976e-002
4.899999999999940e+000	2.110297e-002
4.909999999999940e+000	2.110618e-002
4.919999999999940e+000	2.110939e-002
4.929999999999939e+000	2.111261e-002
4.939999999999939e+000	2.111582e-002
4.949999999999939e+000	2.111903e-002
4.959999999999939e+000	2.112225e-002
4.969999999999939e+000	2.112546e-002
4.979999999999938e+000	2.112867e-002
4.989999999999938e+000	2.113188e-002
4.999999999999938e+000	2.113510e-002
5.009999999999938e+000	2.113831e-002
5.019999999999937e+000	2.114152e-002
5.029999999999937e+000	2.114473e-002
5.039999999999937e+000	2.114795e-002
5.049999999999937e+000	2.115116e-002
5.059999999999937e+000	2.115437e-002
5.069999999999936e+000	2.115759e-002
5.079999999999936e+000	2.116080e-002
5.089999999999936e+000	2.116401e-002
5.099999999999936e+000	2.116722e-002
5.109999999999936e+000	2.117044e-002
5.119999999999935e+000	2.117365e-002
5.129999999999935e+000	2.117686e-002
5.139999999999935e+000	2.118007e-002
5.149999999999935e+000	2.118329e-002
5.159999999999934e+000	2.118650e-002
5.169999999999934e+000	2.118971e-002
5.179999999999934e+000	2.119293e-002
5.189999999999934e+000	2.119614e-002
5.199999999999934e+000	2.119935e-002
5.209999999999933e+000	2.120256e-002
5.219999999999933e+000	2.120578e-002
5.229999999999933e+000	2.120899e-002
5.239999999999933e+000	2.121220e-002
5.249999999999933e+000	2.121541e-002
5.259999999999932e+000	2.121863e-002
5.269999999999932e+000	2.122184e-002
5.279999999999932e+000	2.122505e-002
5.289999999999932e+000	2.122826e-002
5.299999999999931e+000	2.123148e-002
5.309999999999931e+000	2.123469e-002
5.319999999999931e+000	2.123790e-002
5.329999999999931e+000	2.124111e-002
5.339999999999931e+000	2.124433e-002
5.349999999999930e+000	2.124754e-002
5.359999999999930e+000	2.125075e-002
5.369999999999930e+000	2.125396e-002
5.379999999999930e+000	2.125718e-002
5.389999999999930e+000	2.126039e-002
5.399999999999929e+000	2.126360e-002
5.409999999999929e+000	2.126681e-002
5.419999999999929e+000	2.127003e-002
5.429999999999929e+000	2.127324e-002
5.439999999999928e+000	2.127645e-002
5.449999999999928e+000	2.127966e-002
5.459999999999928e+000	2.128288e-002
5.469999999999928e+000	2.128609e-002
5.479999999999928e+000	2.128930e-002
5.489999999999927e+000	2.129252e-002
5.499999999999927e+000	2.129573e-002
5.509999999999927e+000	2.129894e-002
5.519999999999927e+000	2.130215e-002
5.529999999999927e+000	2.130537e-002
5.539999999999926e+000	2.130858e-002
5.549999999999926e+000	2.131179e-002
5.559999999999926e+000	2.131500e-002
5.569999999999926e+000	2.131822e-002
5.579999999999926e+000	2.132143e-002
5.589999999999925e+000	2.132464e-002
5.599999999999925e+000	2.132785e-002
5.609999999999925e+000	2.133107e-002
5.619999999999925e+000	2.133428e-002
5.629999999999924e+000	2.133749e-002
5.639999999999924e+000	2.134070e-002
5.649999999999924e+000	2.134392e-002
5.659999999999924e+000	2.134713e-002
5.669999999999924e+000	2.135034e-002
5.679999999999923e+000	2.135355e-002
5.689999999999923e+000	2.135677e-002
5.699999999999923e+000	2.135998e-002
5.709999999999923e+000	2.136319e-002
5.719999999999923e+000	2.136640e-002
5.729999999999922e+000	2.136962e-002
5.739999999999922e+000	2.137283e-002
5.749999999999922e+000	2.137604e-002
5.759999999999922e+000	2.137925e-002
5.769999999999921e+000	2.138247e-002
5.779999999999921e+000	2.138568e-002
5.789999999999921e+000	2.138889e-002
5.799999999999921e+000	2.139211e-002
5.809999999999921e+000	2.139532e-002
5.819999999999920e+000	2.139853e-002
5.829999999999920e+000	2.140174e-002
5.839999999999920e+000	2.140496e-002
5.849999999999920e+000	2.140817e-002
5.859999999999920e+000	2.141138e-002
5.869999999999919e+000	2.141459e-002
5.879999999999919e+000	2.141781e-002
5.889999999999919e+000	2.142102e-002
5.899999999999919e+000	2.142423e-002
5.909999999999918e+000	2.142744e-002
5.919999999999918e+000	2.143066e-002
5.929999999999918e+000	2.143387e-002
5.939999999999918e+000	2.143708e-002
5.949999999999918e+000	2.144029e-002
5.959999999999917e+000	2.144351e-002
5.969999999999917e+000	2.144672e-002
5.979999999999917e+000	2.144993e-002
5.989999999999917e+000	2.145314e-002
5.999999999999917e+000	2.145636e-002
6.009999999999916e+000	2.145957e-002
6.019999999999916e+000	2.146278e-002
6.029999999999916e+000	2.146599e-002
6.039999999999916e+000	2.146921e-002
6.049999999999915e+000	2.147242e-002
6.059999999999915e+000	2.147563e-002
6.069999999999915e+000	2.147884e-002
6.079999999999915e+000	2.148206e-002
6.089999999999915e+000	2.148527e-002
6.099999999999914e+000	2.148848e-002
6.109999999999914e+000	2.149170e-002
6.119999999999914e+000	2.149491e-002
6.129999999999914e+000	2.149812e-002
6.139999999999914e+000	2.150133e-002
6.149999999999913e+000	2.150455e-002
6.159999999999913e+000	2.150776e-002
6.169999999999913e+000	2.151097e-002
6.179999999999913e+000	2.151418e-002
6.189999999999913e+000	2.151739e-002
6.199999999999912e+000	2.152061e-002
6.209999999999912e+000	2.152382e-002
6.219999999999912e+000	2.152703e-002
6.229999999999912e+000	2.153024e-002
6.239999999999911e+000	2.153346e-002
6.249999999999911e+000	2.153667e-002
6.259999999999911e+000	2.153988e-002
6.269999999999911e+000	2.154309e-002
6.279999999999911e+000	2.154631e-002
6.289999999999910e+000	2.154952e-002
6.299999999999910e+000	2.155273e-002
6.309999999999910e+000	2.155595e-002
6.319999999999910e+000	2.155916e-002
6.329999999999910e+000	2.156237e-002
6.339999999999909e+000	2.156558e-002
6.349999999999909e+000	2.156880e-002
6.359999999999909e+000	2.157201e-002
6.369999999999909e+000	2.157522e-002
6.379999999999908e+000	2.157843e-002
6.389999999999908e+000	2.158165e-002
6.399999999999908e+000	2.158486e-002
6.409999999999908e+000	2.158807e-002
6.419999999999908e+000	2.159128e-002
6.429999999999907e+000	2.159449e-002
6.439999999999907e+000	2.159771e-002
6.449999999999907e+000	2.160092e-002
6.459999999999907e+000	2.160413e-002
6.469999999999907e+000	2.160734e-002
6.479999999999906e+000	2.161056e-002
6.489999999999906e+000	2.161377e-002
6.499999999999906e+000	2.161698e-002
6.509999999999906e+000	2.162020e-002
6.519999999999905e+000	2.162341e-002
6.529999999999905e+000	2.162662e-002
6.539999999999905e+000	2.162983e-002
6.549999999999905e+000	2.163305e-002
6.559999999999905e+000	2.163626e-002
6.569999999999904e+000	2.163947e-002
6.579999999999904e+000	2.164268e-002
6.589999999999904e+000	2.164589e-002
6.599999999999904e+000	2.164911e-002
6.609999999999904e+000	2.165232e-002
6.619999999999903e+000	2.165553e-002
6.629999999999903e+000	2.165874e-002
6.639999999999903e+000	2.166196e-002
6.649999999999903e+000	2.166517e-002
6.659999999999902e+000	2.166838e-002
6.669999999999902e+000	2.167160e-002
6.679999999999902e+000	2.167481e-002
6.689999999999902e+000	2.167802e-002
6.699999999999902e+000	2.168123e-002
6.709999999999901e+000	2.168445e-002
6.719999999999901e+000	2.168766e-002
6.729999999999901e+000	2.169087e-002
6.739999999999901e+000	2.169408e-002
6.749999999999901e+000	2.169729e-002
6.759999999999900e+000	2.170051e-002
6.769999999999900e+000	2.170372e-002
6.779999999999900e+000	2.170693e-002
6.789999999999900e+000	2.171014e-002
6.799999999999900e+000	2.171336e-002
6.809999999999899e+000	2.171657e-002
6.819999999999899e+000	2.171978e-002
6.829999999999899e+000	2.172299e-002
6.839999999999899e+000	2.172621e-002
6.849999999999898e+000	2.172942e-002
6.859999999999898e+000	2.173263e-002
6.869999999999898e+000	2.173585e-002
6.879999999999898e+000	2.173906e-002
6.889999999999898e+000	2.174227e-002
6.899999999999897e+000	2.174548e-002
6.909999999999897e+000	2.174869e-002
6.919999999999897e+000	2.175191e-002
6.929999999999897e+000	2.175512e-002
6.939999999999897e+000	2.175833e-002
6.949999999999896e+000	2.176154e-002
6.959999999999896e+000	2.176476e-002
6.969999999999896e+000	2.176797e-002
6.979999999999896e+000	2.177118e-002
6.989999999999895e+000	2.177439e-002
6.999999999999895e+000	2.177761e-002
7.009999999999895e+000	2.178082e-002
7.019999999999895e+000	2.178403e-002
7.029999999999895e+000	2.178724e-002
7.039999999999894e+000	2.179046e-002
7.049999999999894e+000	2.179367e-002
7.059999999999894e+000	2.179688e-002
7.069999999999894e+000	2.180009e-002
7.079999999999894e+000	2.180331e-002
7.089999999999893e+000	2.180652e-002
7.099999999999893e+000	2.180973e-002
7.109999999999893e+000	2.181294e-002
7.119999999999893e+000	2.181615e-002
7.129999999999892e+000	2.181937e-002
7.139999999999892e+000	2.182258e-002
7.149999999999892e+000	2.182579e-002
7.159999999999892e+000	2.182901e-002
7.169999999999892e+000	2.183222e-002
7.179999999999891e+000	2.183543e-002
7.189999999999891e+000	2.183864e-002
7.199999999999891e+000	2.184186e-002
7.209999999999891e+000	2.184507e-002
7.219999999999891e+000	2.184828e-002
7.229999999999890e+000	2.185149e-002
7.239999999999890e+000	2.185470e-002
7.249999999999890e+000	2.185792e-002
7.259999999999890e+000	2.186113e-002
7.269999999999889e+000	2.186434e-002
7.279999999999889e+000	2.186755e-002
7.289999999999889e+000	2.187077e-002
7.299999999999889e+000	2.187398e-002
7.309999999999889e+000	2.187719e-002
7.319999999999888e+000	2.188041e-002
7.329999999999888e+000	2.188362e-002
7.339999999999888e+000	2.188683e-002
7.349999999999888e+000	2.189004e-002
7.359999999999888e+000	2.189325e-002
7.369999999999887e+000	2.189647e-002
7.379999999999887e+000	2.189968e-002
7.389999999999887e+000	2.190289e-002
7.399999999999887e+000	2.190610e-002
7.409999999999887e+000	2.190932e-002
7.419999999999886e+000	2.191253e-002
7.429999999999886e+000	2.191574e-002
7.439999999999886e+000	2.191895e-002
7.449999999999886e+000	2.192217e-002
7.459999999999885e+000	2.192538e-002
7.469999999999885e+000	2.192859e-002
7.479999999999885e+000	2.193180e-002
7.489999999999885e+000	2.193502e-002
7.499999999999885e+000	2.193823e-002
7.509999999999884e+000	2.194144e-002
7.519999999999884e+000	2.194465e-002
7.529999999999884e+000	2.194786e-002
7.539999999999884e+000	2.195108e-002
7.549999999999884e+000	2.195429e-002
7.559999999999883e+000	2.195750e-002
7.569999999999883e+000	2.196071e-002
7.579999999999883e+000	2.196393e-002
7.589999999999883e+000	2.196714e-002
7.599999999999882e+000	2.197035e-002
7.609999999999882e+000	2.197356e-002
7.619999999999882e+000	2.197678e-002
7.629999999999882e+000	2.197999e-002
7.639999999999882e+000	2.198320e-002
7.649999999999881e+000	2.198641e-002
7.659999999999881e+000	2.198962e-002
7.669999999999881e+000	2.199284e-002
7.679999999999881e+000	2.199605e-002
7.689999999999881e+000	2.199926e-002
7.699999999999880e+000	2.200248e-002
7.709999999999880e+000	2.200569e-002
7.719999999999880e+000	2.200890e-002
7.729999999999880e+000	2.201211e-002
7.739999999999879e+000	2.201533e-002
7.749999999999879e+000	2.201854e-002
7.759999999999879e+000	2.202175e-002
7.769999999999879e+000	2.202496e-002
7.779999999999879e+000	2.202817e-002
7.789999999999878e+000	2.203139e-002
7.799999999999878e+000	2.203460e-002
7.809999999999878e+000	2.203781e-002
7.819999999999878e+000	2.204102e-002
7.829999999999878e+000	2.204424e-002
7.839999999999877e+000	2.204745e-002
7.849999999999877e+000	2.205066e-002
7.859999999999877e+000	2.205387e-002
7.869999999999877e+000	2.205709e-002
7.879999999999876e+000	2.206030e-002
7.889999999999876e+000	2.206351e-002
7.899999999999876e+000	2.206672e-002
7.909999999999876e+000	2.206993e-002
7.919999999999876e+000	2.207315e-002
7.929999999999875e+000	2.207636e-002
7.939999999999875e+000	2.207957e-002
7.949999999999875e+000	2.208279e-002
7.959999999999875e+000	2.208600e-002
7.969999999999875e+000	2.208921e-002
7.979999999999874e+000	2.209242e-002
7.989999999999874e+000	2.209563e-002
7.999999999999874e+000	2.209885e-002
8.009999999999874e+000	2.210206e-002
8.019999999999874e+000	2.210527e-002
8.029999999999873e+000	2.210848e-002
8.039999999999873e+000	2.211170e-002
8.049999999999873e+000	2.211491e-002
8.059999999999873e+000	2.211812e-002
8.069999999999872e+000	2.212133e-002
8.079999999999872e+000	2.212455e-002
8.089999999999872e+000	2.212776e-002
8.099999999999872e+000	2.213097e-002
8.109999999999872e+000	2.213418e-002
8.119999999999871e+000	2.213739e-002
8.129999999999871e+000	2.214061e-002
8.139999999999871e+000	2.214382e-002
8.149999999999871e+000	2.214703e-002
8.159999999999871e+000	2.215024e-002
8.169999999999870e+000	2.215346e-002
8.179999999999870e+000	2.215667e-002
8.189999999999870e+000	2.215988e-002
8.199999999999870e+000	2.216309e-002
8.209999999999869e+000	2.216631e-002
8.219999999999869e+000	2.216952e-002
8.229999999999869e+000	2.217273e-002
8.239999999999869e+000	2.217594e-002
8.249999999999869e+000	2.217915e-002
8.259999999999868e+000	2.218237e-002
8.269999999999868e+000	2.218558e-002
8.279999999999868e+000	2.218879e-002
8.289999999999868e+000	2.219200e-002
8.299999999999868e+000	2.219522e-002
8.309999999999867e+000	2.219843e-002
8.319999999999867e+000	2.220164e-002
8.329999999999867e+000	2.220485e-002
8.339999999999867e+000	2.220806e-002
8.349999999999866e+000	2.221128e-002
8.359999999999866e+000	2.221449e-002
8.369999999999866e+000	2.221770e-002
8.379999999999866e+000	2.222092e-002
8.389999999999866e+000	2.222413e-002
8.399999999999865e+000	2.222734e-002
8.409999999999865e+000	2.223055e-002
8.419999999999865e+000	2.223376e-002
8.429999999999865e+000	2.223698e-002
8.439999999999865e+000	2.224019e-002
8.449999999999864e+000	2.224340e-002
8.459999999999864e+000	2.224661e-002
8.469999999999864e+000	2.224983e-002
8.479999999999864e+000	2.225304e-002
8.489999999999863e+000	2.225625e-002
8.499999999999863e+000	2.225946e-002
8.509999999999863e+000	2.226268e-002
8.519999999999863e+000	2.226589e-002
8.529999999999863e+000	2.226910e-002
8.539999999999862e+000	2.227231e-002
8.549999999999862e+000	2.227552e-002
8.559999999999862e+000	2.227874e-002
8.569999999999862e+000	2.228195e-002
8.579999999999862e+000	2.228516e-002
8.589999999999861e+000	2.228837e-002
8.599999999999861e+000	2.229159e-002
8.609999999999861e+000	2.229480e-002
8.619999999999861e+000	2.229801e-002
8.629999999999860e+000	2.230122e-002
8.639999999999860e+000	2.230443e-002
8.649999999999860e+000	2.230765e-002
8.659999999999860e+000	2.231086e-002
8.669999999999860e+000	2.231407e-002
8.679999999999859e+000	2.231728e-002
8.689999999999859e+000	2.232050e-002
8.699999999999859e+000	2.232371e-002
8.709999999999859e+000	2.232692e-002
8.719999999999859e+000	2.233013e-002
8.729999999999858e+000	2.233334e-002
8.739999999999858e+000	2.233656e-002
8.749999999999858e+000	2.233977e-002
8.759999999999858e+000	2.234298e-002
8.769999999999858e+000	2.234619e-002
8.779999999999857e+000	2.234941e-002
8.789999999999857e+000	2.235262e-002
8.799999999999857e+000	2.235583e-002
8.809999999999857e+000	2.235904e-002
8.819999999999856e+000	2.236226e-002
8.829999999999856e+000	2.236547e-002
8.839999999999856e+000	2.236868e-002
8.849999999999856e+000	2.237189e-002
8.859999999999856e+000	2.237510e-002
8.869999999999855e+000	2.237832e-002
8.879999999999855e+000	2.238153e-002
8.889999999999855e+000	2.238474e-002
8.899999999999855e+000	2.238795e-002
8.909999999999855e+000	2.239117e-002
8.919999999999854e+000	2.239438e-002
8.929999999999854e+000	2.239759e-002
8.939999999999854e+000	2.240080e-002
8.949999999999854e+000	2.240402e-002
8.959999999999853e+000	2.240723e-002
8.969999999999853e+000	2.241044e-002
8.979999999999853e+000	2.241365e-002
8.989999999999853e+000	2.241686e-002
8.999999999999853e+000	2.242008e-002
9.009999999999852e+000	2.242329e-002
9.019999999999852e+000	2.242650e-002
9.029999999999852e+000	2.242971e-002
9.039999999999852e+000	2.243293e-002
9.049999999999852e+000	2.243614e-002
9.059999999999851e+000	2.243935e-002
9.069999999999851e+000	2.244256e-002
9.079999999999851e+000	2.244577e-002
9.089999999999851e+000	2.244899e-002
9.099999999999850e+000	2.245220e-002
9.109999999999850e+000	2.245541e-002
9.119999999999850e+000	2.245862e-002
9.129999999999850e+000	2.246184e-002
9.139999999999850e+000	2.246505e-002
9.149999999999849e+000	2.246826e-002
9.159999999999849e+000	2.247147e-002
9.169999999999849e+000	2.247468e-002
9.179999999999849e+000	2.247790e-002
9.189999999999849e+000	2.248111e-002
9.199999999999848e+000	2.248432e-002
9.209999999999848e+000	2.248753e-002
9.219999999999848e+000	2.249075e-002
9.229999999999848e+000	2.249396e-002
9.239999999999847e+000	2.249717e-002
9.249999999999847e+000	2.250038e-002
9.259999999999847e+000	2.250359e-002
9.269999999999847e+000	2.250681e-002
9.279999999999847e+000	2.251002e-002
9.289999999999846e+000	2.251323e-002
9.299999999999846e+000	2.251644e-002
9.309999999999846e+000	2.251966e-002
9.319999999999846e+000	2.252287e-002
9.329999999999846e+000	2.252608e-002
9.339999999999845e+000	2.252929e-002
9.349999999999845e+000	2.253250e-002
9.359999999999845e+000	2.253572e-002
9.369999999999845e+000	2.253893e-002
9.379999999999845e+000	2.254214e-002
9.389999999999844e+000	2.254535e-002
9.399999999999844e+000	2.254857e-002
9.409999999999844e+000	2.255178e-002
9.419999999999844e+000	2.255499e-002
9.429999999999843e+000	2.255820e-002
9.439999999999843e+000	2.256141e-002
9.449999999999843e+000	2.256463e-002
9.459999999999843e+000	2.256784e-002
9.469999999999843e+000	2.257105e-002
9.479999999999842e+000	2.257426e-002
9.489999999999842e+000	2.257748e-002
9.499999999999842e+000	2.258069e-002
9.509999999999842e+000	2.258390e-002
9.519999999999842e+000	2.258711e-002
9.529999999999841e+000	2.259032e-002
9.539999999999841e+000	2.259354e-002
9.549999999999841e+000	2.259675e-002
9.559999999999841e+000	2.259996e-002
9.569999999999840e+000	2.260317e-002
9.579999999999840e+000	2.260639e-002
9.589999999999840e+000	2.260960e-002
9.599999999999840e+000	2.261281e-002
9.609999999999840e+000	2.261602e-002
9.619999999999839e+000	2.261923e-002
9.629999999999839e+000	2.262245e-002
9.639999999999839e+000	2.262566e-002
9.649999999999839e+000	2.262887e-002
9.659999999999839e+000	2.263208e-002
9.669999999999838e+000	2.263529e-002
9.679999999999838e+000	2.263851e-002
9.689999999999838e+000	2.264172e-002
9.699999999999838e+000	2.264493e-002
9.709999999999837e+000	2.264814e-002
9.719999999999837e+000	2.265136e-002
9.729999999999837e+000	2.265457e-002
9.739999999999837e+000	2.265778e-002
9.749999999999837e+000	2.266099e-002
9.759999999999836e+000	2.266420e-002
9.769999999999836e+000	2.266742e-002
9.779999999999836e+000	2.267063e-002
9.789999999999836e+000	2.267384e-002
9.799999999999836e+000	2.267705e-002
9.809999999999835e+000	2.268027e-002
9.819999999999835e+000	2.268348e-002
9.829999999999835e+000	2.268669e-002
9.839999999999835e+000	2.268990e-002
9.849999999999834e+000	2.269311e-002
9.859999999999834e+000	2.269633e-002
9.869999999999834e+000	2.269954e-002
9.879999999999834e+000	2.270275e-002
9.889999999999834e+000	2.270596e-002
9.899999999999833e+000	2.270917e-002
9.909999999999833e+000	2.271239e-002
9.919999999999833e+000	2.271560e-002
9.929999999999833e+000	2.271881e-002
9.939999999999833e+000	2.272202e-002
9.949999999999832e+000	2.272524e-002
9.959999999999832e+000	2.272845e-002
9.969999999999832e+000	2.273166e-002
9.979999999999832e+000	2.273487e-002
9.989999999999832e+000	2.273808e-002
1.000000000000000e+001	2.274130e-002
