v1	I(R2)
0.000000000000000e+000	9.721201e-003
1.000000000000000e-002	9.658395e-003
2.000000000000000e-002	9.595986e-003
3.000000000000000e-002	9.533676e-003
4.000000000000000e-002	9.471565e-003
5.000000000000000e-002	9.409652e-003
6.000000000000001e-002	9.347939e-003
7.000000000000001e-002	9.286424e-003
8.000000000000000e-002	9.225108e-003
9.000000000000000e-002	9.163991e-003
9.999999999999999e-002	9.103072e-003
1.100000000000000e-001	9.042352e-003
1.200000000000000e-001	8.981832e-003
1.300000000000000e-001	8.921511e-003
1.400000000000000e-001	8.861389e-003
1.500000000000000e-001	8.801467e-003
1.600000000000000e-001	8.741743e-003
1.700000000000000e-001	8.682218e-003
1.800000000000000e-001	8.622894e-003
1.900000000000000e-001	8.563768e-003
2.000000000000000e-001	8.504841e-003
2.100000000000001e-001	8.446115e-003
2.200000000000001e-001	8.387588e-003
2.300000000000001e-001	8.329260e-003
2.400000000000001e-001	8.271133e-003
2.500000000000001e-001	8.213204e-003
2.600000000000001e-001	8.155476e-003
2.700000000000001e-001	8.097948e-003
2.800000000000001e-001	8.040618e-003
2.900000000000001e-001	7.983490e-003
3.000000000000001e-001	7.926561e-003
3.100000000000001e-001	7.869831e-003
3.200000000000001e-001	7.813303e-003
3.300000000000001e-001	7.756974e-003
3.400000000000001e-001	7.700845e-003
3.500000000000001e-001	7.644916e-003
3.600000000000002e-001	7.589188e-003
3.700000000000002e-001	7.533660e-003
3.800000000000002e-001	7.478332e-003
3.900000000000002e-001	7.423205e-003
4.000000000000002e-001	7.368278e-003
4.100000000000002e-001	7.313551e-003
4.200000000000002e-001	7.259026e-003
4.300000000000002e-001	7.204700e-003
4.400000000000002e-001	7.150576e-003
4.500000000000002e-001	7.096651e-003
4.600000000000002e-001	7.042928e-003
4.700000000000003e-001	6.989405e-003
4.800000000000003e-001	6.936083e-003
4.900000000000003e-001	6.882962e-003
5.000000000000002e-001	6.830042e-003
5.100000000000002e-001	6.777323e-003
5.200000000000002e-001	6.724805e-003
5.300000000000003e-001	6.672488e-003
5.400000000000003e-001	6.620371e-003
5.500000000000003e-001	6.568457e-003
5.600000000000003e-001	6.516743e-003
5.700000000000003e-001	6.465230e-003
5.800000000000003e-001	6.413918e-003
5.900000000000003e-001	6.362808e-003
6.000000000000003e-001	6.311900e-003
6.100000000000003e-001	6.261193e-003
6.200000000000003e-001	6.210687e-003
6.300000000000003e-001	6.160382e-003
6.400000000000004e-001	6.110279e-003
6.500000000000004e-001	6.060378e-003
6.600000000000004e-001	6.010679e-003
6.700000000000004e-001	5.961181e-003
6.800000000000004e-001	5.911884e-003
6.900000000000004e-001	5.862790e-003
7.000000000000004e-001	5.813897e-003
7.100000000000004e-001	5.765206e-003
7.200000000000004e-001	5.716717e-003
7.300000000000004e-001	5.668430e-003
7.400000000000004e-001	5.620345e-003
7.500000000000004e-001	5.572462e-003
7.600000000000005e-001	5.524781e-003
7.700000000000005e-001	5.477302e-003
7.800000000000005e-001	5.430026e-003
7.900000000000005e-001	5.382951e-003
8.000000000000005e-001	5.336079e-003
8.100000000000005e-001	5.289409e-003
8.200000000000005e-001	5.242941e-003
8.300000000000005e-001	5.196676e-003
8.400000000000005e-001	5.150612e-003
8.500000000000005e-001	5.104752e-003
8.600000000000005e-001	5.059094e-003
8.700000000000006e-001	5.013639e-003
8.800000000000006e-001	4.968386e-003
8.900000000000006e-001	4.923335e-003
9.000000000000006e-001	4.878488e-003
9.100000000000006e-001	4.833843e-003
9.200000000000006e-001	4.789400e-003
9.300000000000006e-001	4.745161e-003
9.400000000000006e-001	4.701125e-003
9.500000000000006e-001	4.657291e-003
9.600000000000006e-001	4.613660e-003
9.700000000000006e-001	4.570232e-003
9.800000000000007e-001	4.527007e-003
9.900000000000007e-001	4.483985e-003
1.000000000000001e+000	4.441166e-003
1.010000000000001e+000	4.398551e-003
1.020000000000001e+000	4.356138e-003
1.030000000000001e+000	4.313929e-003
1.040000000000001e+000	4.271923e-003
1.050000000000001e+000	4.230120e-003
1.060000000000001e+000	4.188520e-003
1.070000000000001e+000	4.147124e-003
1.080000000000001e+000	4.105931e-003
1.090000000000001e+000	4.064942e-003
1.100000000000001e+000	4.024156e-003
1.110000000000001e+000	3.983574e-003
1.120000000000001e+000	3.943195e-003
1.130000000000001e+000	3.903019e-003
1.140000000000001e+000	3.863048e-003
1.150000000000001e+000	3.823279e-003
1.160000000000001e+000	3.783715e-003
1.170000000000001e+000	3.744354e-003
1.180000000000001e+000	3.705198e-003
1.190000000000001e+000	3.666245e-003
1.200000000000001e+000	3.627495e-003
1.210000000000001e+000	3.588950e-003
1.220000000000001e+000	3.550609e-003
1.230000000000001e+000	3.512471e-003
1.240000000000001e+000	3.474538e-003
1.250000000000001e+000	3.436809e-003
1.260000000000001e+000	3.399283e-003
1.270000000000001e+000	3.361962e-003
1.280000000000001e+000	3.324845e-003
1.290000000000001e+000	3.287933e-003
1.300000000000001e+000	3.251224e-003
1.310000000000001e+000	3.214719e-003
1.320000000000001e+000	3.178420e-003
1.330000000000001e+000	3.142324e-003
1.340000000000001e+000	3.106433e-003
1.350000000000001e+000	3.070746e-003
1.360000000000001e+000	3.035263e-003
1.370000000000001e+000	2.999985e-003
1.380000000000001e+000	2.964912e-003
1.390000000000001e+000	2.930043e-003
1.400000000000001e+000	2.895378e-003
1.410000000000001e+000	2.860918e-003
1.420000000000001e+000	2.826663e-003
1.430000000000001e+000	2.792613e-003
1.440000000000001e+000	2.758767e-003
1.450000000000001e+000	2.725126e-003
1.460000000000001e+000	2.691690e-003
1.470000000000001e+000	2.658459e-003
1.480000000000001e+000	2.625433e-003
1.490000000000001e+000	2.592611e-003
1.500000000000001e+000	2.559994e-003
1.510000000000001e+000	2.527583e-003
1.520000000000001e+000	2.495376e-003
1.530000000000001e+000	2.463375e-003
1.540000000000001e+000	2.431578e-003
1.550000000000001e+000	2.399987e-003
1.560000000000001e+000	2.368600e-003
1.570000000000001e+000	2.337419e-003
1.580000000000001e+000	2.306443e-003
1.590000000000001e+000	2.275673e-003
1.600000000000001e+000	2.245107e-003
1.610000000000001e+000	2.214747e-003
1.620000000000001e+000	2.184592e-003
1.630000000000001e+000	2.154643e-003
1.640000000000001e+000	2.124899e-003
1.650000000000001e+000	2.095360e-003
1.660000000000001e+000	2.066027e-003
1.670000000000001e+000	2.036899e-003
1.680000000000001e+000	2.007977e-003
1.690000000000001e+000	1.979260e-003
1.700000000000001e+000	1.950749e-003
1.710000000000001e+000	1.922444e-003
1.720000000000001e+000	1.894344e-003
1.730000000000001e+000	1.866450e-003
1.740000000000001e+000	1.838762e-003
1.750000000000001e+000	1.811279e-003
1.760000000000001e+000	1.784003e-003
1.770000000000001e+000	1.756932e-003
1.780000000000001e+000	1.730066e-003
1.790000000000001e+000	1.703407e-003
1.800000000000001e+000	1.676954e-003
1.810000000000001e+000	1.650706e-003
1.820000000000001e+000	1.624665e-003
1.830000000000001e+000	1.598829e-003
1.840000000000001e+000	1.573200e-003
1.850000000000001e+000	1.547776e-003
1.860000000000001e+000	1.522559e-003
1.870000000000001e+000	1.497548e-003
1.880000000000001e+000	1.472743e-003
1.890000000000002e+000	1.448144e-003
1.900000000000002e+000	1.423751e-003
1.910000000000002e+000	1.399564e-003
1.920000000000002e+000	1.375584e-003
1.930000000000002e+000	1.351810e-003
1.940000000000002e+000	1.328242e-003
1.950000000000002e+000	1.304881e-003
1.960000000000002e+000	1.281726e-003
1.970000000000002e+000	1.258777e-003
1.980000000000002e+000	1.236035e-003
1.990000000000002e+000	1.213499e-003
2.000000000000001e+000	1.191170e-003
2.010000000000001e+000	1.169047e-003
2.020000000000001e+000	1.147131e-003
2.030000000000001e+000	1.125421e-003
2.040000000000001e+000	1.103918e-003
2.050000000000000e+000	1.082621e-003
2.060000000000000e+000	1.061532e-003
2.070000000000000e+000	1.040648e-003
2.080000000000000e+000	1.019972e-003
2.089999999999999e+000	9.995021e-004
2.099999999999999e+000	9.792391e-004
2.109999999999999e+000	9.591828e-004
2.119999999999999e+000	9.393333e-004
2.129999999999999e+000	9.196907e-004
2.139999999999998e+000	9.002549e-004
2.149999999999998e+000	8.810260e-004
2.159999999999998e+000	8.620040e-004
2.169999999999998e+000	8.431889e-004
2.179999999999998e+000	8.245808e-004
2.189999999999997e+000	8.061796e-004
2.199999999999997e+000	7.879855e-004
2.209999999999997e+000	7.699984e-004
2.219999999999997e+000	7.522182e-004
2.229999999999996e+000	7.346452e-004
2.239999999999996e+000	7.172793e-004
2.249999999999996e+000	7.001206e-004
2.259999999999996e+000	6.831689e-004
2.269999999999996e+000	6.664245e-004
2.279999999999995e+000	6.498873e-004
2.289999999999995e+000	6.335572e-004
2.299999999999995e+000	6.174344e-004
2.309999999999995e+000	6.015189e-004
2.319999999999995e+000	5.858107e-004
2.329999999999994e+000	5.703098e-004
2.339999999999994e+000	5.550162e-004
2.349999999999994e+000	5.399300e-004
2.359999999999994e+000	5.250512e-004
2.369999999999993e+000	5.103798e-004
2.379999999999993e+000	4.959158e-004
2.389999999999993e+000	4.816593e-004
2.399999999999993e+000	4.676102e-004
2.409999999999993e+000	4.537686e-004
2.419999999999992e+000	4.401346e-004
2.429999999999992e+000	4.267081e-004
2.439999999999992e+000	4.134891e-004
2.449999999999992e+000	4.004778e-004
2.459999999999992e+000	3.876741e-004
2.469999999999991e+000	3.750779e-004
2.479999999999991e+000	3.626895e-004
2.489999999999991e+000	3.505087e-004
2.499999999999991e+000	3.385356e-004
2.509999999999991e+000	3.267702e-004
2.519999999999990e+000	3.152125e-004
2.529999999999990e+000	3.038626e-004
2.539999999999990e+000	2.927204e-004
2.549999999999990e+000	2.817861e-004
2.559999999999989e+000	2.710596e-004
2.569999999999989e+000	2.605409e-004
2.579999999999989e+000	2.502301e-004
2.589999999999989e+000	2.401271e-004
2.599999999999989e+000	2.302320e-004
2.609999999999988e+000	2.205449e-004
2.619999999999988e+000	2.110657e-004
2.629999999999988e+000	2.017944e-004
2.639999999999988e+000	1.927311e-004
2.649999999999988e+000	1.838758e-004
2.659999999999987e+000	1.752285e-004
2.669999999999987e+000	1.667892e-004
2.679999999999987e+000	1.585580e-004
2.689999999999987e+000	1.505349e-004
2.699999999999986e+000	1.427198e-004
2.709999999999986e+000	1.351128e-004
2.719999999999986e+000	1.277140e-004
2.729999999999986e+000	1.205233e-004
2.739999999999986e+000	1.135407e-004
2.749999999999985e+000	1.067663e-004
2.759999999999985e+000	1.002001e-004
2.769999999999985e+000	9.384215e-005
2.779999999999985e+000	8.769240e-005
2.789999999999985e+000	8.175088e-005
2.799999999999984e+000	7.601762e-005
2.809999999999984e+000	7.049264e-005
2.819999999999984e+000	6.517595e-005
2.829999999999984e+000	6.006757e-005
2.839999999999983e+000	5.516752e-005
2.849999999999983e+000	5.047581e-005
2.859999999999983e+000	4.599246e-005
2.869999999999983e+000	4.171749e-005
2.879999999999983e+000	3.765090e-005
2.889999999999982e+000	3.379272e-005
2.899999999999982e+000	3.014296e-005
2.909999999999982e+000	2.670164e-005
2.919999999999982e+000	2.346877e-005
2.929999999999982e+000	2.044437e-005
2.939999999999981e+000	1.762845e-005
2.949999999999981e+000	1.502103e-005
2.959999999999981e+000	1.262212e-005
2.969999999999981e+000	1.043173e-005
2.979999999999980e+000	8.449892e-006
2.989999999999980e+000	6.676607e-006
2.999999999999980e+000	5.111891e-006
3.009999999999980e+000	3.755760e-006
3.019999999999980e+000	2.608228e-006
3.029999999999979e+000	1.669307e-006
3.039999999999979e+000	9.390113e-007
3.049999999999979e+000	4.173552e-007
3.059999999999979e+000	1.043516e-007
3.069999999999979e+000	1.394348e-011
3.079999999999978e+000	1.395385e-011
3.089999999999978e+000	1.396415e-011
3.099999999999978e+000	1.397446e-011
3.109999999999978e+000	1.398478e-011
3.119999999999978e+000	1.399508e-011
3.129999999999977e+000	1.400542e-011
3.139999999999977e+000	1.401572e-011
3.149999999999977e+000	1.402604e-011
3.159999999999977e+000	1.403411e-011
3.169999999999976e+000	1.404443e-011
3.179999999999976e+000	1.405475e-011
3.189999999999976e+000	1.406505e-011
3.199999999999976e+000	1.407535e-011
3.209999999999976e+000	1.408567e-011
3.219999999999975e+000	1.409600e-011
3.229999999999975e+000	1.410632e-011
3.239999999999975e+000	1.411660e-011
3.249999999999975e+000	1.412692e-011
3.259999999999975e+000	1.413722e-011
3.269999999999974e+000	1.414755e-011
3.279999999999974e+000	1.415785e-011
3.289999999999974e+000	1.416815e-011
3.299999999999974e+000	1.417847e-011
3.309999999999973e+000	1.418877e-011
3.319999999999973e+000	1.419910e-011
3.329999999999973e+000	1.420940e-011
3.339999999999973e+000	1.421970e-011
3.349999999999973e+000	1.423000e-011
3.359999999999972e+000	1.424031e-011
3.369999999999972e+000	1.425064e-011
3.379999999999972e+000	1.426095e-011
3.389999999999972e+000	1.426903e-011
3.399999999999972e+000	1.427932e-011
3.409999999999971e+000	1.428965e-011
3.419999999999971e+000	1.429996e-011
3.429999999999971e+000	1.431024e-011
3.439999999999971e+000	1.432056e-011
3.449999999999970e+000	1.433085e-011
3.459999999999970e+000	1.434117e-011
3.469999999999970e+000	1.435147e-011
3.479999999999970e+000	1.436179e-011
3.489999999999970e+000	1.437208e-011
3.499999999999969e+000	1.438240e-011
3.509999999999969e+000	1.439270e-011
3.519999999999969e+000	1.440302e-011
3.529999999999969e+000	1.441331e-011
3.539999999999969e+000	1.442361e-011
3.549999999999968e+000	1.443391e-011
3.559999999999968e+000	1.444423e-011
3.569999999999968e+000	1.445454e-011
3.579999999999968e+000	1.446482e-011
3.589999999999967e+000	1.447512e-011
3.599999999999967e+000	1.448543e-011
3.609999999999967e+000	1.449575e-011
3.619999999999967e+000	1.450605e-011
3.629999999999967e+000	1.451410e-011
3.639999999999966e+000	1.452442e-011
3.649999999999966e+000	1.453472e-011
3.659999999999966e+000	1.454502e-011
3.669999999999966e+000	1.455533e-011
3.679999999999966e+000	1.456561e-011
3.689999999999965e+000	1.457591e-011
3.699999999999965e+000	1.458623e-011
3.709999999999965e+000	1.459654e-011
3.719999999999965e+000	1.460682e-011
3.729999999999965e+000	1.461711e-011
3.739999999999964e+000	1.462743e-011
3.749999999999964e+000	1.463773e-011
3.759999999999964e+000	1.464803e-011
3.769999999999964e+000	1.465832e-011
3.779999999999963e+000	1.466862e-011
3.789999999999963e+000	1.467892e-011
3.799999999999963e+000	1.468923e-011
3.809999999999963e+000	1.469953e-011
3.819999999999963e+000	1.470981e-011
3.829999999999962e+000	1.472012e-011
3.839999999999962e+000	1.473044e-011
3.849999999999962e+000	1.474074e-011
3.859999999999962e+000	1.475103e-011
3.869999999999962e+000	1.476133e-011
3.879999999999961e+000	1.476941e-011
3.889999999999961e+000	1.477972e-011
3.899999999999961e+000	1.479000e-011
3.909999999999961e+000	1.480030e-011
3.919999999999960e+000	1.481059e-011
3.929999999999960e+000	1.482089e-011
3.939999999999960e+000	1.483118e-011
3.949999999999960e+000	1.484148e-011
3.959999999999960e+000	1.485176e-011
3.969999999999959e+000	1.486207e-011
3.979999999999959e+000	1.487237e-011
3.989999999999959e+000	1.488267e-011
3.999999999999959e+000	1.489296e-011
4.009999999999959e+000	1.490326e-011
4.019999999999959e+000	1.491355e-011
4.029999999999959e+000	1.492387e-011
4.039999999999958e+000	1.493413e-011
4.049999999999958e+000	1.494444e-011
4.059999999999958e+000	1.495472e-011
4.069999999999958e+000	1.496502e-011
4.079999999999957e+000	1.497533e-011
4.089999999999957e+000	1.498563e-011
4.099999999999957e+000	1.499592e-011
4.109999999999957e+000	1.500622e-011
4.119999999999957e+000	1.501649e-011
4.129999999999956e+000	1.502457e-011
4.139999999999956e+000	1.503487e-011
4.149999999999956e+000	1.504516e-011
4.159999999999956e+000	1.505548e-011
4.169999999999956e+000	1.506576e-011
4.179999999999955e+000	1.507603e-011
4.189999999999955e+000	1.508633e-011
4.199999999999955e+000	1.509662e-011
4.209999999999955e+000	1.510692e-011
4.219999999999955e+000	1.511722e-011
4.229999999999954e+000	1.512751e-011
4.239999999999954e+000	1.513777e-011
4.249999999999954e+000	1.514808e-011
4.259999999999954e+000	1.515838e-011
4.269999999999953e+000	1.516867e-011
4.279999999999953e+000	1.517897e-011
4.289999999999953e+000	1.518924e-011
4.299999999999953e+000	1.519952e-011
4.309999999999953e+000	1.520982e-011
4.319999999999952e+000	1.522013e-011
4.329999999999952e+000	1.523041e-011
4.339999999999952e+000	1.524068e-011
4.349999999999952e+000	1.525098e-011
4.359999999999952e+000	1.526127e-011
4.369999999999951e+000	1.527157e-011
4.379999999999951e+000	1.528186e-011
4.389999999999951e+000	1.528992e-011
4.399999999999951e+000	1.530021e-011
4.409999999999950e+000	1.531049e-011
4.419999999999950e+000	1.532078e-011
4.429999999999950e+000	1.533104e-011
4.439999999999950e+000	1.534136e-011
4.449999999999950e+000	1.535165e-011
4.459999999999949e+000	1.536193e-011
4.469999999999949e+000	1.537222e-011
4.479999999999949e+000	1.538249e-011
4.489999999999949e+000	1.539281e-011
4.499999999999949e+000	1.540307e-011
4.509999999999948e+000	1.541336e-011
4.519999999999948e+000	1.542365e-011
4.529999999999948e+000	1.543393e-011
4.539999999999948e+000	1.544422e-011
4.549999999999947e+000	1.545452e-011
4.559999999999947e+000	1.546479e-011
4.569999999999947e+000	1.547507e-011
4.579999999999947e+000	1.548537e-011
4.589999999999947e+000	1.549564e-011
4.599999999999946e+000	1.550594e-011
4.609999999999946e+000	1.551621e-011
4.619999999999946e+000	1.552650e-011
4.629999999999946e+000	1.553680e-011
4.639999999999946e+000	1.554708e-011
4.649999999999945e+000	1.555513e-011
4.659999999999945e+000	1.556542e-011
4.669999999999945e+000	1.557572e-011
4.679999999999945e+000	1.558600e-011
4.689999999999944e+000	1.559627e-011
4.699999999999944e+000	1.560656e-011
4.709999999999944e+000	1.561684e-011
4.719999999999944e+000	1.562713e-011
4.729999999999944e+000	1.563741e-011
4.739999999999943e+000	1.564770e-011
4.749999999999943e+000	1.565796e-011
4.759999999999943e+000	1.566827e-011
4.769999999999943e+000	1.567853e-011
4.779999999999943e+000	1.568882e-011
4.789999999999942e+000	1.569910e-011
4.799999999999942e+000	1.570937e-011
4.809999999999942e+000	1.571967e-011
4.819999999999942e+000	1.572994e-011
4.829999999999942e+000	1.574023e-011
4.839999999999941e+000	1.575051e-011
4.849999999999941e+000	1.576078e-011
4.859999999999941e+000	1.577107e-011
4.869999999999941e+000	1.578135e-011
4.879999999999940e+000	1.579164e-011
4.889999999999940e+000	1.580192e-011
4.899999999999940e+000	1.581219e-011
4.909999999999940e+000	1.582247e-011
4.919999999999940e+000	1.583276e-011
4.929999999999939e+000	1.584079e-011
4.939999999999939e+000	1.585109e-011
4.949999999999939e+000	1.586136e-011
4.959999999999939e+000	1.587164e-011
4.969999999999939e+000	1.588193e-011
4.979999999999938e+000	1.589219e-011
4.989999999999938e+000	1.590248e-011
5.000000000000000e+000	1.591275e-011
