0.884715
0.863687
0.857451
0.875068
0.869843
0.919531
0.435816
0.037847
0.398074
0.279484
0.424448
0.421494
0.457817
0.096019
0.440516
0.575969
0.104398
0.001312
0.246567
0.070977
0.770331
0.449410
0.201550
0.339721
0.481686
0.237179
0.486024
0.678847
0.023986
0.461935
0.390677
0.426062
0.659373
1.018537
0.625330
0.582383
0.013601
0.477210
0.299694
0.190014
0.429135
0.431477
0.513107
0.572989
0.896803
0.046246
0.078680
0.566357
0.240832
0.068003
0.146556
0.717076
0.723944
0.030507
0.031466
0.352693
0.579778
0.368740
0.489860
0.074999
0.083986
0.380650
0.268718
0.154830
0.575248
0.312946
0.889421
0.703927
0.470530
0.518565
0.700302
0.514403
0.082218
0.280917
0.339506
0.356022
0.185166
0.174459
0.455111
0.598318
0.157455
0.153602
0.453107
0.258125
0.030161
0.358214
0.466085
0.668860
0.325231
0.118801
0.530218
0.872168
0.323281
0.201928
0.019092
0.437607
0.127359
0.123727
0.682989
0.235199
0.438942
0.175319
0.096987
0.264848
0.144926
0.259116
0.189090
0.713305
0.240118
0.265715
0.033553
0.305117
0.177851
0.339604
0.227544
0.805784
0.467039
0.443416
0.809543
0.324792
0.068008
0.414684
0.124213
0.698651
0.020989
0.103270
0.496200
0.111336
0.511847
0.514729
0.068754
0.124633
0.173891
0.099295
0.392828
0.724483
1.549288
0.569670
0.579504
0.087713
0.047346
0.109062
0.128620
0.665814
0.093752
0.639368
0.141433
0.265762
0.679360
1.162690
0.707744
0.516257
0.444484
0.495173
0.255598
0.393465
0.066052
0.202682
0.228717
0.386628
0.217242
0.266722
0.248681
0.003634
0.065265
0.244435
0.352885
0.207158
0.471891
0.364834
0.337248
0.284664
0.170466
0.279347
0.720405
0.092333
0.390688
0.014177
0.348920
0.136415
0.139796
0.069499
0.645042
0.383682
0.281267
0.544693
0.582124
0.044337
0.370210
0.004004
0.691126
0.738324
0.061947
0.294592
0.304916
0.668413
0.079425
0.294642
0.064803
0.505840
0.136086
0.937198
0.629308
0.486043
0.496226
0.228395
0.080793
0.319651
0.056723
0.180843
0.227536
0.165148
0.420105
0.611232
0.058186
0.054491
0.341312
0.233554
0.168031
0.588007
0.108974
0.487623
0.121848
0.234921
0.395420
0.511224
0.029071
0.044335
0.209400
0.323813
0.588037
0.218787
0.120146
0.121141
0.287082
0.142184
0.504296
0.060578
0.376643
0.230935
0.015795
0.041663
0.700829
0.241688
0.672469
0.274871
0.570996
0.088492
0.086047
0.262092
0.225600
0.001114
0.525177
0.531936
0.141084
0.188188
0.516146
0.535080
0.022205
0.160230
1.082319
0.778411
0.606178
0.495647
0.285872
0.285117
0.505813
0.427890
0.348506
0.366238
0.374029
0.401131
0.325974
0.612533
0.138160
0.384852
0.288179
0.441143
0.117027
0.458554
0.294586
0.065529
0.011895
0.139960
0.309591
0.405834
0.315781
0.318954
0.367682
0.296283
0.754924
0.162071
0.024437
0.353072
0.284060
0.120802
0.392879
0.091999
0.565496
0.190847
0.163003
0.471965
0.210085
0.340820
0.284123
0.033428
0.232883
0.484595
0.203826
0.158164
0.271366
0.559093
0.116274
0.238333
0.242551
0.133845
0.364855
0.538069
0.369217
0.386004
0.055191
0.036366
0.087641
0.189420
0.758683
0.046845
0.433633
0.077782
0.369327
0.807620
0.503171
0.172360
0.038364
0.248869
0.054766
0.159119
0.131681
0.360396
0.072190
0.858509
0.624784
0.001599
0.407117
0.174868
0.625051
0.274348
0.094698
0.432084
0.047134
0.223335
0.353805
0.184926
0.277564
0.024085
0.482501
0.171618
0.074117
0.223817
0.385685
0.015689
0.361406
0.052593
0.541275
0.476529
0.407743
0.117453
0.189230
0.283923
0.188212
0.093868
0.100050
0.418891
0.003031
0.370284
0.200823
0.203038
0.472879
0.412948
0.480900
0.005617
0.195269
0.555942
0.045892
0.452740
0.019826
1.212721
0.448591
0.502892
0.265669
0.201065
0.030458
0.634060
0.729669
0.104915
0.058244
0.334393
0.537012
0.234749
0.233357
0.591200
0.872665
0.307156
0.382869
0.253666
0.421817
0.002287
0.013645
0.126754
0.046783
0.118783
0.582397
0.021287
0.466195
0.094166
0.396689
0.216915
0.368145
0.571203
1.154178
0.893918
0.063225
0.602106
0.514298
0.039783
0.233170
0.600962
0.128115
0.601133
0.174405
0.326547
0.077808
0.361906
0.102947
0.434351
0.321135
0.915361
0.204066
0.797108
0.494156
0.115867
0.195011
0.655497
0.833949
0.253803
0.398328
0.280467
0.106213
0.823232
0.059387
0.228514
0.318718
0.451217
0.066953
0.353060
0.131712
0.294132
0.203333
0.078127
0.118305
0.251569
0.492113
0.962154
0.475456
0.541912
0.281553
0.116974
0.037081
0.366539
0.030102
0.085841
0.506371
0.092389
0.233123
0.416834
0.928037
0.698016
0.443021
0.117882
0.144942
0.086784
0.125889
0.110961
0.131994
0.246808
0.366957
0.509299
0.056535
0.008186
0.142297
0.216109
0.376990
0.144249
0.459742
0.116850
0.364356
0.320922
0.200923
0.401748
0.302280
0.598004
0.047855
0.834131
0.294007
0.104334
0.734587
0.548942
0.006784
0.476580
0.489346
0.231819
0.380672
0.155563
0.057897
0.472290
0.262289
0.379527
0.438316
0.026253
0.213866
0.640552
0.427450
0.139045
0.154006
0.485643
0.458038
0.323503
0.489720
0.589793
1.051661
0.415165
0.167476
0.720725
0.973400
0.329852
0.378464
0.395147
1.375766
0.335156
0.336066
0.193001
0.704563
0.193910
0.115906
0.076309
0.347186
0.221653
0.481596
0.136707
0.495866
0.172913
0.037412
0.316958
0.099328
0.106989
0.382201
0.238778
0.350328
0.414438
0.879959
0.406039
0.349517
0.325721
0.555693
0.609893
0.128496
0.095955
0.034736
0.133895
0.061280
0.069364
0.156369
0.250870
0.282519
0.285354
0.116749
0.306671
0.161099
0.337159
0.620143
0.905147
0.117828
0.004330
0.514451
0.501590
0.344502
0.202148
0.536284
0.735853
0.005671
0.586813
0.555115
0.214220
0.924421
0.325428
0.213967
0.526324
0.775096
0.055241
0.195906
0.079386
0.572186
0.007786
0.320554
0.210408
0.040321
0.477339
0.510517
0.338544
0.517988
0.521484
0.020464
0.883200
0.579594
0.048371
0.025781
0.218022
0.043574
0.181968
0.491813
0.752344
0.506668
0.081309
0.002597
0.226462
0.306323
0.346366
0.497548
0.443448
0.352149
0.194230
0.346833
0.161366
0.238842
0.513135
0.352134
0.049143
0.081269
0.551386
0.413377
0.064713
0.187056
0.146287
0.495115
0.686294
1.106799
0.078426
0.910464
0.830209
1.020258
0.382546
0.254644
0.080126
0.149791
0.091121
0.283138
0.153951
0.187920
0.319487
0.303256
0.105796
0.284932
0.290149
0.097400
0.181472
0.247361
0.456532
0.376709
0.022699
1.239388
0.723654
0.911879
1.130852
0.884307
0.709599
0.177921
0.140401
0.123127
0.187205
0.039692
0.127596
0.593467
0.379475
0.109963
0.310864
0.029781
0.175661
0.233328
0.050316
0.067010
0.125972
0.167230
0.449398
0.015793
0.621222
0.348090
0.221581
0.064163
0.200491
0.602702
0.451416
0.051915
0.318828
0.171397
0.338998
0.006239
0.128618
0.281321
0.122949
0.577334
0.748190
0.035824
0.100590
0.479205
0.669829
0.189954
0.355927
0.218860
0.135261
0.239663
0.094758
0.348338
0.317108
0.114968
0.330455
0.149673
0.224168
0.573572
0.097912
0.235970
0.289299
0.109373
0.317787
0.107858
0.156813
0.062149
0.589245
0.676063
0.264543
0.209419
0.529895
0.452787
0.039441
0.152727
0.059406
0.566332
0.086923
0.095481
0.029209
0.313574
0.512510
0.223035
0.252139
0.173993
0.355733
0.323045
0.285611
0.074826
0.121692
0.332822
0.611690
0.145291
0.047609
0.675328
0.405133
0.063311
0.127609
0.436520
0.223872
0.028612
0.394644
0.045741
0.172266
0.240823
0.103901
0.044996
0.352857
0.392519
0.349971
0.036653
0.609300
0.515876
0.131502
0.264564
0.245861
0.036071
0.034795
0.457578
0.440715
0.562194
0.211865
0.005989
0.084805
0.446912
0.243840
0.347223
0.140059
0.556663
0.471980
0.197065
0.232006
0.121250
0.062801
0.248894
0.330596
0.509241
0.405779
0.313752
0.554013
0.724728
0.531470
0.139441
0.473820
0.196291
0.041427
0.123131
0.027169
0.457555
0.341556
0.166194
0.128793
0.066791
0.127978
0.134619
0.059594
0.589639
0.376830
0.002086
0.208701
0.552962
0.060912
0.437895
0.036666
0.298875
0.138395
0.617571
0.467143
0.717450
0.231397
0.288639
0.062662
0.255714
0.105316
0.352594
0.026067
0.317410
0.471282
0.351744
0.311576
0.124363
0.420848
0.135015
0.327868
0.092707
0.352302
0.318153
0.053554
0.018167
0.172179
0.030490
0.478254
0.380425
0.360506
0.562796
0.187328
0.391614
0.585849
0.159597
0.369178
0.339751
0.698211
0.402153
0.077702
0.356229
0.013710
0.536667
0.511512
0.583223
0.322986
0.052755
0.286376
0.038013
0.058665
0.203942
0.196627
0.010623
0.025337
0.247662
0.173173
0.652170
0.186242
0.446138
0.151137
0.630502
0.227699
0.869462
0.361260
0.164724
0.047302
0.236577
0.171882
0.257550
0.333524
0.337096
0.164793
0.156415
0.242224
0.209337
0.122338
0.074395
0.125984
0.246499
0.046374
0.141237
0.193540
0.125430
0.239528
0.416847
0.545854
0.562687
0.795752
0.377370
0.122060
0.071300
0.392381
0.499052
0.539545
0.641479
0.037045
0.315264
0.379555
0.753211
0.428235
0.718459
0.452912
0.690525
0.078181
0.238563
0.122781
0.460091
0.039323
0.002937
0.389229
0.219586
0.322208
0.643427
0.115601
0.013906
0.318468
0.252166
0.189075
0.596285
1.221176
0.847291
0.928312
0.103477
0.748602
0.326121
0.359207
0.030748
0.014019
0.120973
0.332520
0.096483
0.540329
0.055562
0.278690
0.208256
0.240397
0.185919
0.465953
0.156094
0.176285
0.105325
0.285038
0.283072
0.522720
0.768604
0.161565
0.219309
0.554712
0.238839
0.587031
0.322533
0.228256
0.396783
0.616201
0.470580
0.615955
0.443627
0.834047
0.354326
0.426178
0.036494
0.503470
0.108284
0.316884
0.005367
0.909548
0.945222
0.755449
0.015493
0.843372
0.006240
0.224017
0.235415
0.585163
0.023498
0.262933
0.027434
0.049621
0.745475
0.196186
0.350132
0.218610
0.511474
0.274790
0.225866
0.196613
0.294025
0.299777
0.084514
0.054866
0.214614
0.537728
0.134155
0.327856
0.149513
0.541433
0.251014
0.585788
0.351262
0.092197
0.243975
0.682277
0.023569
0.552775
0.127906
0.420101
0.560624
0.403819
0.689493
0.267781
0.064379
0.381148
0.423353
0.551293
0.863416
0.673845
0.020625
0.072563
0.210636
0.369521
0.022108
0.070086
0.539372
0.654104
0.299791
0.040905
0.004632
0.021977
0.210649
0.899093
0.362637
0.262257
0.111936
0.029534
0.015242
0.107970
0.259616
0.707736
0.386765
0.091993
0.368600
0.091336
0.004792
0.682474
0.053620
0.158440
0.031867
0.204608
0.432297
0.307686
0.069640
0.202047
0.536129
0.085938
0.276934
0.668548
0.109526
0.656063
0.251551
0.085886
0.344818
0.076537
0.330638
1.126125
0.077413
0.521777
0.158552
0.062712
0.757054
0.486081
0.208959
0.210295
0.254578
0.189017
0.239026
0.384946
0.096774
0.459342
0.205978
0.539028
0.637993
0.406986
0.363865
0.486455
0.508456
0.397495
0.009211
0.190021
0.170513
0.009688
0.062889
0.715280
0.388263
0.157850
0.976491
0.195265
0.461135
0.298427
0.500602
0.306637
0.270878
0.566961
0.211215
0.487902
0.174535
0.027501
0.562496
0.575483
0.034719
0.300664
0.288840
0.047425
0.195772
0.349091
0.729041
0.191515
0.336063
0.216638
0.333520
0.047009
0.271797
0.202230
0.546068
0.204614
0.224724
0.389835
0.403845
0.268390
0.495039
1.107824
0.137250
0.590341
0.399111
0.476095
0.405619
1.069530
0.755752
0.691443
0.207002
0.038855
0.494585
0.211059
0.353874
0.200322
0.259359
0.000359
0.073619
0.547417
0.310507
0.322445
0.500116
0.506610
1.168131
0.501646
0.143908
0.538078
0.221502
0.689829
1.173570
0.793631
0.568114
0.143289
0.458630
0.108760
0.012818
0.146187
0.379108
0.170714
0.611563
0.226801
0.243251
0.987222
0.404139
0.204611
0.319619
0.892411
0.140004
0.620797
0.397553
0.080174
0.173619
0.155819
0.574538
0.280006
0.550383
0.165530
0.222426
0.238303
0.676312
0.543329
0.228112
1.066973
0.935879
0.468318
0.856075
0.034992
0.527853
0.398732
0.518649
0.283884
0.131065
0.398790
0.837930
0.261341
0.299403
0.348761
0.015632
0.247006
0.024480
0.719289
0.041302
0.294457
0.140114
0.303707
0.434750
0.099975
0.788260
0.239989
0.008724
0.425529
0.283225
0.544109
1.134611
0.171227
0.781886
0.033361
0.093073
0.348841
0.425039
0.291831
0.517800
0.058948
0.847091
0.397347
0.031549
0.206032
0.135145
0.668543
0.065435
0.518962
0.038231
0.168577
0.501671
0.373296
0.204998
0.855733
0.010419
1.286658
0.581894
0.198448
0.447015
0.613149
0.196408
0.222554
0.232357
0.541113
0.238219
0.549304
0.119559
0.106045
0.768178
0.583891
0.124008
0.078180
0.208414
0.585018
1.124591
0.662051
0.602027
0.248377
0.565734
0.595020
0.369646
0.141195
0.423787
0.165148
0.211963
0.178132
0.050355
0.612875
0.059019
0.284897
0.231989
0.489751
0.028715
0.260491
0.484104
0.174773
0.531825
0.023033
0.405794
0.062181
0.143506
0.065590
0.988455
0.273137
0.457416
0.104728
0.560657
0.515342
0.236052
0.672699
0.241672
0.225294
0.781462
0.739633
1.229442
0.615867
0.172894
0.494840
0.481467
0.518957
0.567174
0.446317
0.035784
0.285340
0.296696
0.743591
0.492605
0.406723
0.051379
0.579361
0.249765
0.135491
0.599667
0.044712
0.486532
0.091843
0.556766
0.972739
0.252674
0.265426
0.253493
0.085731
0.191803
0.203579
0.096288
0.704134
0.396111
0.264992
0.785873
0.232397
0.049270
0.105790
1.067500
0.212488
1.283968
0.203309
0.281523
0.358491
0.164485
0.611816
1.495723
0.514216
0.380477
0.123877
0.307113
0.002833
0.187813
0.438595
0.662299
0.645310
0.351920
0.051679
0.065757
0.301021
0.659251
0.536838
0.103319
0.739866
0.251007
0.306592
0.416961
0.324351
0.251599
0.033048
0.086678
0.461761
0.290098
0.208487
0.313079
0.224930
0.862942
0.209447
0.077680
0.371591
0.142236
0.299867
0.353549
0.192410
0.574920
0.267433
0.417489
1.087833
0.010879
0.833019
0.733412
1.065392
0.123254
0.461236
0.288508
0.659638
0.618969
0.046090
0.199497
0.647876
0.402491
0.100657
0.866773
0.543835
0.325566
0.075253
0.204087
0.976730
0.700208
0.137205
0.737893
0.378993
0.180827
0.043503
0.847981
0.589752
0.125159
0.332259
0.458427
0.247681
0.092781
0.343125
0.245499
0.200045
0.087090
0.538848
0.111314
0.272539
0.321870
0.088240
0.797389
0.619790
0.037669
0.006029
0.256238
0.209427
0.498434
0.879952
0.004648
0.182713
0.755728
0.186694
0.225264
0.346154
0.143514
0.491213
0.248056
0.086609
0.781510
0.830523
0.159983
0.097109
0.374870
0.048140
0.283483
0.013618
0.233125
0.366252
0.063854
0.915812
0.632775
0.009286
0.138638
0.694395
0.030189
0.155179
0.138327
0.156370
0.615165
0.442736
0.301680
0.375313
0.192580
0.102137
0.000297
0.305577
0.529992
0.233544
0.322736
0.148012
0.148803
0.567100
0.431538
0.698880
0.156295
0.754569
0.080247
0.424863
0.146512
0.338019
0.245254
1.256398
0.727644
0.326387
0.612444
0.125961
0.428049
0.486379
0.332599
0.510495
0.067290
0.520191
0.616958
0.347390
0.455306
0.542870
0.528235
0.257655
0.167171
0.660409
0.259186
0.124316
0.171978
0.015198
0.447894
0.352521
0.216503
0.475652
0.189169
0.961824
0.498008
0.308209
0.141534
0.398580
0.456885
0.661181
0.431476
0.121815
0.781191
0.110442
0.120152
0.108059
0.590690
0.185602
0.628955
0.263312
0.561039
1.136900
0.070129
0.419797
0.580038
0.389363
0.439676
0.580701
0.319775
0.620006
0.351816
0.318988
0.453638
0.562780
0.143229
0.496221
1.321068
0.203491
0.178551
0.188265
0.306807
0.409906
0.215296
0.054065
0.416935
0.022743
0.585574
0.686977
0.691997
0.175606
0.453360
0.807655
0.105288
0.369050
0.180081
0.546623
0.114157
0.271954
0.053377
0.661293
0.187637
0.115133
0.675396
0.299497
0.204739
0.034427
0.384463
0.296896
0.415065
0.192343
0.225152
0.180454
0.544951
0.553478
0.980851
0.164254
0.498951
0.154358
0.121209
0.001479
0.340604
0.497540
1.122548
0.476260
0.239621
0.420679
0.657407
0.530743
0.342732
0.322858
0.115666
0.099202
0.377432
0.688675
0.180279
0.621422
0.234393
0.376879
0.099322
0.153290
0.379662
0.690353
0.451126
0.210667
0.010504
0.749367
0.432510
0.173634
0.509378
0.423099
0.347688
0.215482
0.015260
0.481221
0.030318
0.283037
0.588119
0.396239
0.347823
0.583281
0.633153
0.044249
0.330343
0.616215
0.038922
0.393885
0.016533
0.496488
0.108827
0.311790
0.315777
0.928048
0.155321
0.355549
0.454586
0.242050
0.555436
0.416879
0.356009
0.025714
0.314620
0.380815
0.160100
0.745059
0.076581
0.128940
0.748803
0.006238
0.086728
0.444757
0.157511
0.518873
0.433619
0.267488
0.337585
0.022398
0.372019
0.010809
0.177924
0.247398
0.003392
0.494194
0.292658
0.055525
0.449079
0.348726
0.331462
0.637217
0.435033
0.913331
0.629946
0.131287
0.050641
0.174592
0.647194
0.399617
0.448197
0.464556
0.549994
0.287905
0.221305
0.156293
0.587036
0.739181
0.008167
0.724072
0.654804
0.388069
0.271480
0.616006
0.072234
0.650024
0.125108
0.027087
0.397154
0.139498
0.145384
0.844938
0.009386
0.026735
0.819814
0.067160
0.116418
0.353120
0.293590
0.128340
0.349408
0.178399
0.935760
0.113468
0.575797
0.379873
1.068032
0.508224
0.561008
0.218892
0.471285
0.292566
0.136193
0.328312
0.985600
0.384899
0.113637
0.412858
0.275612
0.401003
0.357641
0.352131
0.197799
0.312782
0.037808
0.809475
0.428643
0.735163
0.863039
0.789725
0.103802
0.102468
0.240434
0.541732
0.534721
0.074576
0.213100
0.604574
0.278431
0.091922
0.879913
0.204193
0.432829
0.430363
0.182998
0.100045
0.474367
1.358880
0.167487
0.484628
0.048638
0.121305
0.368406
0.016793
0.335487
0.558149
0.279355
0.496663
0.566142
0.254522
0.437265
0.065156
0.524178
0.365375
0.577889
0.312758
0.488240
0.426061
0.488912
0.220117
0.922973
0.367545
0.218543
0.460616
0.101337
1.075162
0.268438
0.095638
0.718833
0.344936
0.031357
0.059787
0.214944
0.973947
0.665416
0.055190
0.520117
0.271785
0.033748
0.254131
0.995485
0.163130
0.024899
0.356754
0.154474
0.097600
0.189595
0.043071
0.682229
0.067581
0.072084
0.530994
0.344797
0.041599
0.734890
0.573902
0.353196
0.230745
0.566357
0.394760
0.223226
0.549842
0.320690
0.339507
0.166543
0.403340
0.091632
0.374158
0.488650
0.487661
0.599250
0.528418
0.523679
0.102220
0.222511
0.041989
0.126214
0.142201
0.791570
0.061429
0.028597
1.022434
0.200809
0.285575
0.364639
0.239350
0.151757
0.185132
0.352540
0.133801
0.473559
0.082892
0.070214
0.990395
0.626481
0.068171
0.509110
0.342713
0.542335
0.739239
0.796742
0.290507
0.065379
0.359881
0.078386
0.355502
0.598215
0.072751
0.209878
0.125299
0.483134
1.038827
0.243296
0.591460
0.506285
0.669085
0.251796
0.177068
0.381895
0.417368
0.383093
0.307694
0.119354
0.316968
0.163870
0.405089
0.997545
0.471470
0.525881
0.849908
0.391599
0.252318
0.561653
0.088307
0.155731
0.159003
0.333351
0.755372
0.873438
0.101581
0.225353
1.145907
0.462218
0.019868
0.113099
0.124983
0.294075
0.443091
0.051017
0.590929
0.695160
0.271816
0.740797
0.536043
0.081867
0.266055
0.047472
0.352529
0.539155
0.328917
0.456101
0.694473
0.037800
0.186672
0.821192
0.034335
0.488414
0.538957
0.582273
0.590952
0.804730
0.360678
0.409362
0.085435
0.261146
0.279695
0.548899
0.272326
0.073475
0.315956
0.266087
0.610579
0.398288
0.496458
0.028485
0.261537
0.289016
0.895255
0.301361
0.236729
0.355067
0.675448
0.280267
0.315006
0.534276
0.395353
0.445623
0.138538
0.120732
0.333823
0.546754
0.081591
0.242586
0.511678
0.156533
0.592667
0.597589
0.423739
0.274170
0.230812
0.737528
1.076790
0.224885
1.010451
1.209791
0.420364
0.265585
0.448946
0.387917
0.322374
0.408448
0.119592
1.163205
0.335711
0.997006
1.130179
0.190426
0.293638
0.009515
0.212171
0.137981
0.314966
0.496097
0.297658
0.730960
1.032518
0.134786
0.674394
0.119247
0.419915
0.253386
1.009063
0.114821
0.584761
0.545429
0.489885
0.636772
0.383734
0.662502
0.111957
0.704276
0.019945
0.981387
0.699507
0.145067
0.109438
0.147278
0.182165
0.596396
0.663321
0.457808
0.376569
0.216666
0.158205
0.770937
0.946474
0.166090
0.209698
0.277331
1.121794
0.013780
0.394526
0.476206
0.353409
0.653669
0.092361
1.008333
0.023146
0.723234
0.313985
0.343665
0.827470
0.176110
0.374668
0.690928
0.666990
0.348759
0.665914
0.363135
0.702669
0.127117
0.259857
0.584833
0.343882
0.052917
0.168593
0.670894
0.323778
0.699487
0.585642
0.733307
0.447128
0.354086
1.106274
0.674765
0.153731
0.239083
0.348625
0.030599
0.412274
0.045591
0.268221
0.188057
0.336357
0.142897
0.476113
0.113212
0.018532
0.618908
1.294142
0.672764
0.292430
0.222260
0.227487
0.386744
0.744705
0.382440
0.245820
0.262620
0.579344
0.101950
0.004241
0.307101
0.064652
0.409254
0.305827
0.230591
0.690397
0.577976
0.098203
0.595750
0.451462
0.376186
0.217999
0.291291
0.120574
0.017727
0.178067
0.509221
0.387112
0.263132
0.089798
0.245394
0.633869
0.356646
0.518839
0.462316
0.016168
0.323738
0.964489
0.119344
0.338409
0.103999
0.064064
0.099033
0.103371
0.348559
0.032611
0.634740
0.283471
0.498579
0.617925
0.086596
0.864232
0.243847
0.464097
0.088405
0.532424
0.806749
0.819738
0.579019
0.133448
0.438057
0.268758
0.075547
0.147051
0.659296
0.455639
0.125553
0.134790
0.050783
0.226689
0.390133
0.245166
0.583274
0.063891
0.523237
0.201670
0.784290
0.096905
0.475035
0.360105
0.393935
0.752830
0.060676
0.045057
0.076215
0.055999
0.623267
0.909699
0.463174
0.116421
0.378025
0.077524
0.060534
0.145497
0.423700
0.569081
0.461319
0.279600
0.237756
0.057801
0.308264
0.190250
0.623417
0.945200
0.114074
0.009448
0.634087
0.428923
0.100944
0.180484
0.927730
0.895294
0.564517
0.592038
0.045490
0.170526
0.200959
0.046172
0.435387
0.019504
0.649604
0.182118
0.488444
0.023582
0.091832
0.121560
0.116616
0.055431
0.385519
0.222950
0.191614
0.087307
0.023719
0.102821
0.091655
0.065339
0.238315
0.635238
0.021347
0.775325
0.536866
0.418821
0.148692
0.858749
0.664431
0.065638
0.408674
0.080495
0.245005
0.036507
0.075163
0.420429
1.021989
0.029463
0.937762
0.443538
0.129520
0.231967
0.029578
0.422488
0.469422
0.054144
1.094989
0.749522
0.332219
0.035455
0.606139
0.626923
0.668322
0.284683
0.047015
0.270377
0.339221
0.127347
0.293844
0.445684
0.218499
0.616798
0.910385
0.403145
0.123504
0.526023
0.041126
0.296930
0.217521
0.385643
0.426638
0.259910
0.482114
0.048296
0.217428
0.355363
0.829628
0.905090
0.750543
0.060026
0.373874
0.307698
0.274725
0.063859
0.147053
0.123469
0.240519
0.135657
0.163030
0.446457
0.559531
0.016060
0.007194
0.064120
0.033870
0.723812
0.416023
0.326957
0.370170
0.405702
0.706027
0.359996
0.233392
0.265535
0.142309
0.217248
0.260811
0.192847
0.077814
0.330463
0.298115
0.408579
0.026055
0.293545
0.202219
0.165583
0.093044
0.059327
0.379513
0.404445
0.115884
0.542624
0.024106
0.687944
0.105580
0.179922
0.300731
0.558608
0.088662
0.293971
0.300533
0.324325
0.078833
0.246437
0.805397
0.719600
0.399041
0.390201
1.050102
0.286510
0.019670
0.518538
0.632955
0.093962
0.988633
0.701390
0.108545
0.010108
0.515238
0.381914
0.304428
0.046368
0.170164
0.019003
0.822406
0.700065
0.367226
0.554799
0.054393
0.535358
0.260441
0.025552
0.213790
0.108738
0.010425
0.584155
0.058417
0.551927
0.396634
0.074071
0.295196
0.514520
0.490312
0.108776
0.231215
0.288495
0.291905
0.445836
0.500609
0.650005
0.179187
0.086564
0.831455
0.466085
0.950129
0.512541
0.684099
0.373298
0.164522
0.204294
0.138303
0.644597
0.285926
0.103794
0.102514
0.055477
0.014748
0.026630
0.271277
0.060843
0.052233
0.594396
0.310021
0.092039
0.487706
0.391546
0.102929
0.459286
0.431494
0.657489
0.070587
0.549056
0.590494
0.371383
0.141735
0.161205
0.113413
0.369714
0.311857
0.140843
0.022950
0.316832
0.057340
0.256286
0.558625
0.008787
0.069212
0.011399
0.191799
0.103182
0.459548
0.625617
0.005906
0.645633
0.008948
0.502911
0.376047
0.090263
0.163599
0.568390
0.209579
0.590752
0.571441
0.192786
0.341567
0.543517
0.168921
0.116826
0.795484
0.456825
0.062184
0.489342
0.245098
0.470134
0.242768
0.942618
0.322285
0.334181
0.110942
0.166610
0.559914
0.187917
0.305286
0.316894
0.341647
0.191859
0.617530
0.016883
0.471859
0.010484
0.030749
0.231928
0.391531
0.365204
0.016890
0.456679
0.275451
0.524309
0.564898
0.166393
0.000241
0.475618
0.101876
0.270891
0.230606
0.007337
0.185552
0.355067
0.435697
0.062462
0.119949
0.128790
0.211437
0.128720
0.389307
0.524309
0.496231
0.189139
0.118782
0.133317
0.289722
0.422391
0.184153
0.009340
0.563010
0.558940
0.103770
0.258976
0.220538
0.131898
0.633418
0.494162
0.396682
0.727085
0.314754
0.042431
0.071211
0.287332
0.061382
0.443030
0.377148
0.644004
0.876313
0.246323
0.322193
0.680265
0.535412
0.675163
0.660860
0.116829
0.181319
0.348694
0.149901
0.559537
0.575183
0.615511
0.064968
0.171144
0.021522
0.363535
0.289827
0.501972
0.539343
0.455384
0.330513
0.266218
0.703792
0.241328
0.685318
0.934777
0.418801
0.174858
0.559899
0.231852
0.116129
0.150927
0.605207
0.414329
0.347371
0.104397
0.478777
0.565408
0.081418
0.324703
0.996046
0.792137
0.089745
0.375764
0.023492
0.092363
0.199241
0.149563
0.076188
0.016689
0.464131
0.161067
0.428566
0.070284
0.603076
0.882984
0.069169
0.096088
0.267611
0.247225
0.452893
0.091001
0.434583
0.111921
0.389449
0.470961
0.321967
0.453433
0.247353
0.363230
0.191795
0.248876
0.094550
0.351143
0.223171
0.092339
0.116810
0.206676
0.498166
0.247136
0.259742
0.251677
0.372114
0.537342
0.172466
0.519750
0.934047
0.114187
0.257892
0.023610
0.548047
0.189240
0.455321
0.161810
1.039368
0.096777
0.522913
0.234107
0.082200
0.254355
0.236259
0.869556
0.087805
0.426723
0.682716
0.389736
0.219916
0.862702
0.454172
0.522387
0.083097
0.311509
0.447176
0.098916
0.179918
0.047347
0.042546
0.272207
0.259442
0.255416
0.001507
0.619245
0.375223
0.200634
0.417553
0.169987
0.242899
0.236351
0.441703
0.007292
0.425783
0.045424
0.046117
0.239244
0.334999
0.418042
0.613965
0.387749
0.340151
0.799706
0.099506
0.276577
0.571646
0.472236
0.281431
0.827179
1.021108
0.048986
0.115797
0.423413
0.089103
0.094813
0.052188
0.224049
0.333334
0.537127
0.398967
0.736122
0.105792
0.563627
0.776634
0.526645
0.258217
0.053686
0.001434
0.494317
0.160163
0.408011
0.510717
0.077442
0.301824
0.162675
0.253493
0.736598
0.090396
0.471266
0.412464
0.675804
0.293158
0.107922
0.522771
0.476650
0.130523
0.262792
0.174236
0.322871
0.036797
0.369365
0.356345
0.301566
0.874229
0.806181
0.808510
0.842338
