0.194496
0.062267
0.080291
0.072298
0.049912
0.021409
0.095867
0.055540
0.014298
0.023784
0.061609
0.072699
0.000037
0.049129
0.054086
0.031978
0.008758
0.057933
0.114065
0.020843
0.020362
0.042074
0.062568
0.009056
0.051498
0.084225
0.067942
0.003158
0.034675
0.062682
0.078406
0.035676
0.059560
0.053192
0.023267
0.021089
0.069746
0.081267
0.009497
0.034594
0.047472
0.043934
0.016511
0.075521
0.078006
0.020478
0.033175
0.087380
0.076348
0.353020
0.307420
0.008007
0.016610
0.045112
0.018532
0.014248
0.064020
0.026563
0.089961
0.013786
0.013592
0.077151
0.012994
0.039612
0.025694
0.025398
0.020889
0.141459
0.072619
0.010377
0.003264
0.105455
0.075806
0.071117
0.025464
0.121879
0.038869
0.035245
0.002619
0.027716
0.035317
0.033471
0.102058
0.025170
0.006101
0.116165
0.044601
0.067478
0.036167
0.009188
0.005768
0.011715
0.033833
0.057441
0.030182
0.074097
0.019229
0.026263
0.008128
0.002712
0.013829
0.057897
0.046822
0.020823
0.024092
0.029506
0.006778
0.020360
0.091518
0.009265
0.006956
0.000469
0.013198
0.011053
0.068876
0.050034
0.014681
0.012823
0.029668
0.031145
0.001617
0.067578
0.022120
0.002128
0.002626
0.027133
0.055870
0.046294
0.030144
0.033529
0.005120
0.025934
0.068729
0.025848
0.023188
0.013562
0.001087
0.004130
0.037041
0.087585
0.001687
0.018309
0.025296
