6.305057
4.102423
6.495553
4.102423
6.305057
1.647138
0.647021
0.233786
0.084937
0.142709
0.163077
0.100588
0.052404
0.021009
0.038649
0.075747
0.107899
0.291763
0.330309
0.012794
0.001633
0.037753
0.192364
0.160488
0.214350
0.079594
0.096270
0.236951
0.265159
0.185323
0.184158
0.083805
0.038134
0.100882
0.226157
0.173568
0.155248
0.130909
0.009464
0.012611
0.207958
0.117122
0.068815
0.131722
0.035770
0.104333
0.002791
0.069211
0.198991
0.044549
0.068757
0.130846
0.020803
0.008338
0.144822
0.059760
0.001341
0.080763
0.284092
0.357942
0.401093
0.277736
0.168710
0.217577
0.269134
0.250308
0.151236
0.230687
0.232789
0.013162
0.067803
0.021032
0.201084
0.178186
0.073239
0.128403
0.054817
0.144347
0.053039
0.046109
0.063035
0.120604
0.168274
0.001286
0.070060
0.060029
0.096050
0.050461
0.180952
0.004877
0.136479
0.120834
0.062575
0.017256
0.064556
0.094694
0.170290
0.213138
0.189537
0.034765
0.072296
0.269031
0.215534
0.160353
0.009474
0.200292
0.101482
0.075235
0.081914
0.111811
0.019984
0.068174
0.104356
0.206004
0.162561
0.247125
0.076320
0.098192
0.043232
0.094746
0.200975
0.129021
0.062553
0.002829
0.037817
0.085298
0.059094
0.168801
0.239297
0.008252
0.101620
0.006655
0.147777
0.075994
0.235633
0.282027
0.363936
0.335229
0.037082
0.204348
0.236794
0.008087
0.092091
0.179253
0.073765
0.033607
0.174168
0.296592
0.117721
0.256140
0.235344
0.179072
0.179675
0.076360
0.059597
0.182802
0.257607
0.107242
0.018851
0.162129
0.255742
0.154270
0.037982
0.142607
0.294249
0.369215
0.251832
0.006676
0.193657
0.204987
0.172732
0.004114
0.126277
0.290922
0.418472
0.611974
1.274755
3.677175
4.147451
2.874552
2.874552
4.147451
3.677175
